PLATE_ID;NODE_ID;X;Y;WIDTH;HEIGHT;TYPE;CUT;PARENT
0;0;0;0;6000;3210;-2;0;
0;1;0;0;519;3210;-2;1;0
0;2;0;0;519;1593;90;2;1
0;3;0;1593;519;1593;91;2;1
0;4;0;3186;519;24;-1;2;1
0;5;519;0;1684;3210;-2;1;0
0;6;519;0;1684;1066;-2;2;5
0;7;519;0;842;1066;240;3;6
0;8;1361;0;842;1066;241;3;6
0;9;519;1066;1684;462;-2;2;5
0;10;519;1066;1194;462;180;3;9
0;11;1713;1066;40;462;-1;3;9
0;12;1753;1066;333;462;-2;3;9
0;13;1753;1066;333;373;360;4;12
0;14;1753;1439;333;89;-1;4;12
0;15;2086;1066;117;462;-1;3;9
0;16;519;1528;1684;1066;-2;2;5
0;17;519;1528;842;1066;120;3;16
0;18;1361;1528;842;1066;121;3;16
0;19;519;2594;1684;616;-2;2;5
0;20;519;2594;1164;616;0;3;19
0;21;1683;2594;480;616;-2;3;19
0;22;1683;2594;480;531;210;4;21
0;23;1683;3125;480;85;-1;4;21
0;24;2163;2594;40;616;-1;3;19
0;25;2203;0;365;3210;-2;1;0
0;26;2203;0;365;1849;300;2;25
0;27;2203;1849;365;933;92;2;25
0;28;2203;2782;365;428;-2;2;25
0;29;2203;2782;333;428;-2;3;28
0;30;2203;2782;333;373;361;4;29
0;31;2203;3155;333;55;-1;4;29
0;32;2536;2782;32;428;-1;3;28
0;33;2568;0;456;3210;-2;1;0
0;34;2568;0;456;1737;-2;2;33
0;35;2568;0;420;1737;301;3;34
0;36;2988;0;36;1737;-1;3;34
0;37;2568;1737;456;712;-2;2;33
0;38;2568;1737;436;712;150;3;37
0;39;3004;1737;20;712;-1;3;37
0;40;2568;2449;456;761;-2;2;33
0;41;2568;2449;431;761;-2;3;40
0;42;2568;2449;431;712;151;4;41
0;43;2568;3161;431;49;-1;4;41
0;44;2999;2449;25;761;-1;3;40
0;45;3024;0;1266;3210;-2;1;0
0;46;3024;0;1266;1137;-2;2;45
0;47;3024;0;616;1137;60;3;46
0;48;3640;0;616;1137;61;3;46
0;49;4256;0;34;1137;-1;3;46
0;50;3024;1137;1266;379;122;2;45
0;51;3024;1516;1266;379;123;2;45
0;52;3024;1895;1266;842;-2;2;45
0;53;3024;1895;141;842;-1;3;52
0;54;3165;1895;1066;842;242;3;52
0;55;4231;1895;59;842;-1;3;52
0;56;3024;2737;1266;473;-2;2;45
0;57;3024;2737;141;473;-1;3;56
0;58;3165;2737;1100;473;-2;3;56
0;59;3165;2737;1100;443;30;4;58
0;60;3165;3180;1100;30;-1;4;58
0;61;4265;2737;25;473;-1;3;56
0;62;4290;0;1710;3210;-2;1;0
0;63;4290;0;1710;417;-2;2;62
0;64;4290;0;1688;417;62;3;63
0;65;5978;0;22;417;-1;3;63
0;66;4290;417;1710;417;-2;2;62
0;67;4290;417;1688;417;63;3;66
0;68;5978;417;22;417;-1;3;66
0;69;4290;834;1710;455;-2;2;62
0;70;4290;834;1656;455;64;3;69
0;71;5946;834;54;455;-1;3;69
0;72;4290;1289;1710;455;-2;2;62
0;73;4290;1289;1656;455;65;3;72
0;74;5946;1289;54;455;-1;3;72
0;75;4290;1744;1710;1466;-2;2;62
0;76;4290;1744;842;1466;243;3;75
0;77;5132;1744;842;1466;244;3;75
0;78;5974;1744;26;1466;-1;3;75
1;79;0;0;6000;3210;-2;0;
1;80;0;0;1516;3210;-2;1;79
1;81;0;0;1516;1266;-2;2;80
1;82;0;0;379;1266;124;3;81
1;83;379;0;379;1266;125;3;81
1;84;758;0;379;1266;126;3;81
1;85;1137;0;379;1266;127;3;81
1;86;0;1266;1516;592;-2;2;80
1;87;0;1266;1472;592;211;3;86
1;88;1472;1266;44;592;-1;3;86
1;89;0;1858;1516;471;-2;2;80
1;90;0;1858;933;471;-2;3;89
1;91;0;1858;933;365;93;4;90
1;92;0;2223;933;106;-1;4;90
1;93;933;1858;542;471;362;3;89
1;94;1475;1858;41;471;-1;3;89
1;95;0;2329;1516;881;-2;2;80
1;96;0;2329;1466;881;-2;3;95
1;97;0;2329;1466;842;245;4;96
1;98;0;3171;1466;39;-1;4;96
1;99;1466;2329;50;881;-1;3;95
1;100;1516;0;479;3210;-2;1;79
1;101;1516;0;479;1566;128;2;100
1;102;1516;1566;479;1566;129;2;100
1;103;1516;3132;479;78;-1;2;100
1;104;1995;0;1759;3210;-2;1;79
1;105;1995;0;1759;420;-2;2;104
1;106;1995;0;1737;420;302;3;105
1;107;3732;0;22;420;-1;3;105
1;108;1995;420;1759;420;-2;2;104
1;109;1995;420;1739;420;303;3;108
1;110;3734;420;20;420;-1;3;108
1;111;1995;840;1759;420;-2;2;104
1;112;1995;840;1739;420;304;3;111
1;113;3734;840;20;420;-1;3;111
1;114;1995;1260;1759;1950;-2;2;104
1;115;1995;1260;433;1950;-2;3;114
1;116;1995;1260;433;1920;130;4;115
1;117;1995;3180;433;30;-1;4;115
1;118;2428;1260;433;1950;-2;3;114
1;119;2428;1260;433;1920;131;4;118
1;120;2428;3180;433;30;-1;4;118
1;121;2861;1260;433;1950;-2;3;114
1;122;2861;1260;433;1920;132;4;121
1;123;2861;3180;433;30;-1;4;121
1;124;3294;1260;433;1950;-2;3;114
1;125;3294;1260;433;1920;133;4;124
1;126;3294;3180;433;30;-1;4;124
1;127;3727;1260;27;1950;-1;3;114
1;128;3754;0;991;3210;-2;1;79
1;129;3754;0;991;1739;-2;2;128
1;130;3754;0;467;1739;305;3;129
1;131;4221;0;467;1739;306;3;129
1;132;4688;0;57;1739;-1;3;129
1;133;3754;1739;991;1471;-2;2;128
1;134;3754;1739;230;1471;-2;3;133
1;135;3754;1739;230;1414;330;4;134
1;136;3754;3153;230;57;-1;4;134
1;137;3984;1739;29;1471;-1;3;133
1;138;4013;1739;477;1471;-2;3;133
1;139;4013;1739;477;1364;212;4;138
1;140;4013;3103;477;107;-1;4;138
1;141;4490;1739;255;1471;-2;3;133
1;142;4490;1739;255;1239;270;4;141
1;143;4490;2978;255;232;-1;4;141
1;144;4745;0;617;3210;-2;1;79
1;145;4745;0;617;1819;307;2;144
1;146;4745;1819;617;518;-2;2;144
1;147;4745;1819;564;518;31;3;146
1;148;5309;1819;53;518;-1;3;146
1;149;4745;2337;617;471;-2;2;144
1;150;4745;2337;542;471;363;3;149
1;151;5287;2337;75;471;-1;3;149
1;152;4745;2808;617;402;-2;2;144
1;153;4745;2808;442;402;-2;3;152
1;154;4745;2808;442;380;331;4;153
1;155;4745;3188;442;22;-1;4;153
1;156;5187;2808;175;402;-1;3;152
1;157;5362;0;638;3210;-2;1;79
1;158;5362;0;638;840;66;2;157
1;159;5362;840;638;1819;-2;2;157
1;160;5362;840;617;1819;308;3;159
1;161;5979;840;21;1819;-1;3;159
1;162;5362;2659;638;551;-2;2;157
1;163;5362;2659;564;551;-2;3;162
1;164;5362;2659;564;518;32;4;163
1;165;5362;3177;564;33;-1;4;163
1;166;5926;2659;74;551;-1;3;162
2;167;0;0;6000;3210;-2;0;
2;168;0;0;1256;3210;-2;1;167
2;169;0;0;1256;1364;-2;2;168
2;170;0;0;477;1364;213;3;169
2;171;477;0;779;1364;-2;3;169
2;172;477;0;779;41;-1;4;171
2;173;477;41;779;1323;1;4;171
2;174;0;1364;1256;1846;-2;2;168
2;175;0;1364;617;1846;-2;3;174
2;176;0;1364;617;1819;309;4;175
2;177;0;3183;617;27;-1;4;175
2;178;617;1364;617;1846;-2;3;174
2;179;617;1364;617;1819;310;4;178
2;180;617;3183;617;27;-1;4;178
2;181;1234;1364;22;1846;-1;3;174
2;182;1256;0;624;3210;-2;1;167
2;183;1256;0;624;1592;-2;2;182
2;184;1256;0;570;1592;2;3;183
2;185;1826;0;54;1592;-1;3;183
2;186;1256;1592;624;343;152;2;182
2;187;1256;1935;624;1275;-2;2;182
2;188;1256;1935;255;1275;-2;3;187
2;189;1256;1935;255;1239;271;4;188
2;190;1256;3174;255;36;-1;4;188
2;191;1511;1935;341;1275;-2;3;187
2;192;1511;1935;341;1223;153;4;191
2;193;1511;3158;341;52;-1;4;191
2;194;1852;1935;28;1275;-1;3;187
2;195;1880;0;1230;3210;-2;1;167
2;196;1880;0;1230;658;-2;2;195
2;197;1880;0;1099;658;390;3;196
2;198;2979;0;131;658;-1;3;196
2;199;1880;658;1230;2029;-2;2;195
2;200;1880;658;615;2029;-2;3;199
2;201;1880;658;615;20;-2;4;200
2;202;1880;678;615;2009;311;4;200
2;203;2495;658;615;2029;-2;3;199
2;204;2495;658;615;2009;312;4;203
2;205;2495;2667;615;20;-1;4;203
2;206;1880;2687;1230;523;-2;2;195
2;207;1880;2687;1203;523;-2;3;206
2;208;1880;2687;1203;466;181;4;207
2;209;1880;3153;1203;57;-1;4;207
2;210;3083;2687;27;523;-1;3;206
2;211;3110;0;862;3210;-2;1;167
2;212;3110;0;862;1066;-2;2;211
2;213;3110;0;20;1066;-1;3;212
2;214;3130;0;842;1066;134;3;212
2;215;3110;1066;862;1066;-2;2;211
2;216;3110;1066;842;1066;135;3;215
2;217;3952;1066;20;1066;-1;3;215
2;218;3110;2132;862;1078;-2;2;211
2;219;3110;2132;20;1078;-1;3;218
2;220;3130;2132;407;1078;-2;3;218
2;221;3130;2132;407;1046;272;4;220
2;222;3130;3178;407;32;-1;4;220
2;223;3537;2132;407;1078;-2;3;218
2;224;3537;2132;407;1046;273;4;223
2;225;3537;3178;407;32;-1;4;223
2;226;3944;2132;28;1078;-1;3;218
2;227;3972;0;2028;3210;-2;1;167
2;228;3972;0;2028;622;-2;2;227
2;229;3972;0;2004;622;313;3;228
2;230;5976;0;24;622;-1;3;228
2;231;3972;622;2028;622;-2;2;227
2;232;3972;622;2004;622;314;3;231
2;233;5976;622;24;622;-1;3;231
2;234;3972;1244;2028;1466;-2;2;227
2;235;3972;1244;842;1466;136;3;234
2;236;4814;1244;842;1466;137;3;234
2;237;5656;1244;319;1466;-2;3;234
2;238;5656;1244;319;1094;332;4;237
2;239;5656;2338;319;372;-1;4;237
2;240;5975;1244;25;1466;-1;3;234
2;241;3972;2710;2028;500;-2;2;227
2;242;3972;2710;873;500;-2;3;241
2;243;3972;2710;873;473;3;4;242
2;244;3972;3183;873;27;-1;4;242
2;245;4845;2710;1155;500;-2;3;241
2;246;4845;2710;1155;463;67;4;245
2;247;4845;3173;1155;37;-1;4;245
3;248;0;0;6000;3210;-2;0;
3;249;0;0;370;3210;-2;1;248
3;250;0;0;370;1849;333;2;249
3;251;0;1849;370;1361;-2;2;249
3;252;0;1849;341;1361;-2;3;251
3;253;0;1849;341;1223;154;4;252
3;254;0;3072;341;138;-1;4;252
3;255;341;1849;29;1361;-1;3;251
3;256;370;0;1466;3210;-2;1;248
3;257;370;0;1466;842;138;2;256
3;258;370;842;1466;842;139;2;256
3;259;370;1684;1466;479;-2;2;256
3;260;370;1684;1376;479;155;3;259
3;261;1746;1684;90;479;-1;3;259
3;262;370;2163;1466;1047;-2;2;256
3;263;370;2163;461;1047;-2;3;262
3;264;370;2163;461;1022;364;4;263
3;265;370;3185;461;25;-1;4;263
3;266;831;2163;461;1047;-2;3;262
3;267;831;2163;461;1022;365;4;266
3;268;831;3185;461;25;-1;4;266
3;269;1292;2163;461;1047;-2;3;262
3;270;1292;2163;461;1022;366;4;269
3;271;1292;3185;461;25;-1;4;269
3;272;1753;2163;83;1047;-1;3;262
3;273;1836;0;1110;3210;-2;1;248
3;274;1836;0;1110;1849;-2;2;273
3;275;1836;0;370;1849;334;3;274
3;276;2206;0;370;1849;335;3;274
3;277;2576;0;370;1849;336;3;274
3;278;1836;1849;1110;352;-2;2;273
3;279;1836;1849;1081;352;274;3;278
3;280;2917;1849;29;352;-1;3;278
3;281;1836;2201;1110;488;-2;2;273
3;282;1836;2201;1055;488;214;3;281
3;283;2891;2201;55;488;-1;3;281
3;284;1836;2689;1110;521;-2;2;273
3;285;1836;2689;1022;521;-2;3;284
3;286;1836;2689;1022;461;367;4;285
3;287;1836;3150;1022;60;-1;4;285
3;288;2858;2689;88;521;-1;3;284
3;289;2946;0;596;3210;-2;1;248
3;290;2946;0;596;1920;140;2;289
3;291;2946;1920;596;369;-2;2;289
3;292;2946;1920;572;369;368;3;291
3;293;3518;1920;24;369;-1;3;291
3;294;2946;2289;596;369;-2;2;289
3;295;2946;2289;572;369;369;3;294
3;296;3518;2289;24;369;-1;3;294
3;297;2946;2658;596;552;-2;2;289
3;298;2946;2658;564;552;-2;3;297
3;299;2946;2658;564;518;33;4;298
3;300;2946;3176;564;34;-1;4;298
3;301;3510;2658;32;552;-1;3;297
3;302;3542;0;928;3210;-2;1;248
3;303;3542;0;928;1950;-2;2;302
3;304;3542;0;464;1950;370;3;303
3;305;4006;0;464;1950;371;3;303
3;306;3542;1950;928;612;-2;2;302
3;307;3542;1950;899;612;275;3;306
3;308;4441;1950;29;612;-1;3;306
3;309;3542;2562;928;648;-2;2;302
3;310;3542;2562;899;648;-2;3;309
3;311;3542;2562;899;612;276;4;310
3;312;3542;3174;899;36;-1;4;310
3;313;4441;2562;29;648;-1;3;309
3;314;4470;0;305;3210;-2;1;248
3;315;4470;0;305;1494;337;2;314
3;316;4470;1494;305;1494;338;2;314
3;317;4470;2988;305;222;-1;2;314
3;318;4775;0;1225;3210;-2;1;248
3;319;4775;0;1225;1317;-2;2;318
3;320;4775;0;571;1317;372;3;319
3;321;5346;0;20;1317;-1;3;319
3;322;5366;0;601;1317;-2;3;319
3;323;5366;0;601;1289;277;4;322
3;324;5366;1289;601;28;-1;4;322
3;325;5967;0;33;1317;-1;3;319
3;326;4775;1317;1225;463;-2;2;318
3;327;4775;1317;1155;463;68;3;326
3;328;5930;1317;70;463;-1;3;326
3;329;4775;1780;1225;466;-2;2;318
3;330;4775;1780;1203;466;182;3;329
3;331;5978;1780;22;466;-1;3;329
3;332;4775;2246;1225;964;-2;2;318
3;333;4775;2246;365;964;-2;3;332
3;334;4775;2246;365;933;94;4;333
3;335;4775;3179;365;31;-1;4;333
3;336;5140;2246;365;964;-2;3;332
3;337;5140;2246;365;933;95;4;336
3;338;5140;3179;365;31;-1;4;336
3;339;5505;2246;473;964;-2;3;332
3;340;5505;2246;473;873;4;4;339
3;341;5505;3119;473;91;-1;4;339
3;342;5978;2246;22;964;-1;3;332
4;343;0;0;6000;3210;-2;0;
4;344;0;0;479;3210;-2;1;343
4;345;0;0;479;1376;156;2;344
4;346;0;1376;479;866;141;2;344
4;347;0;2242;479;866;142;2;344
4;348;0;3108;479;102;-1;2;344
4;349;479;0;1354;3210;-2;1;343
4;350;479;0;1354;1224;-2;2;349
4;351;479;0;677;1224;157;3;350
4;352;1156;0;677;1224;158;3;350
4;353;479;1224;1354;571;-2;2;349
4;354;479;1224;1317;571;373;3;353
4;355;1796;1224;37;571;-1;3;353
4;356;479;1795;1354;472;-2;2;349
4;357;479;1795;1294;472;159;3;356
4;358;1773;1795;60;472;-1;3;356
4;359;479;2267;1354;943;-2;2;349
4;360;479;2267;473;943;-2;3;359
4;361;479;2267;473;873;5;4;360
4;362;479;3140;473;70;-1;4;360
4;363;952;2267;473;943;-2;3;359
4;364;952;2267;473;873;6;4;363
4;365;952;3140;473;70;-1;4;363
4;366;1425;2267;379;943;-2;3;359
4;367;1425;2267;379;866;143;4;366
4;368;1425;3133;379;77;-1;4;366
4;369;1804;2267;29;943;-1;3;359
4;370;1833;0;1617;3210;-2;1;343
4;371;1833;0;1617;571;374;2;370
4;372;1833;571;1617;571;375;2;370
4;373;1833;1142;1617;571;376;2;370
4;374;1833;1713;1617;571;377;2;370
4;375;1833;2284;1617;926;-2;2;370
4;376;1833;2284;1052;926;-2;3;375
4;377;1833;2284;1052;834;391;4;376
4;378;1833;3118;1052;92;-1;4;376
4;379;2885;2284;473;926;-2;3;375
4;380;2885;2284;473;873;7;4;379
4;381;2885;3157;473;53;-1;4;379
4;382;3358;2284;92;926;-1;3;375
4;383;3450;0;506;3210;-2;1;343
4;384;3450;0;506;1852;378;2;383
4;385;3450;1852;506;1358;-2;2;383
4;386;3450;1852;472;1358;-2;3;385
4;387;3450;1852;472;1294;160;4;386
4;388;3450;3146;472;64;-1;4;386
4;389;3922;1852;34;1358;-1;3;385
4;390;3956;0;2044;3210;-2;1;343
4;391;3956;0;2044;1852;-2;2;390
4;392;3956;0;506;1852;379;3;391
4;393;4462;0;506;1852;380;3;391
4;394;4968;0;506;1852;381;3;391
4;395;5474;0;506;1852;382;3;391
4;396;5980;0;20;1852;-1;3;391
4;397;3956;1852;2044;1358;-2;2;390
4;398;3956;1852;601;1358;-2;3;397
4;399;3956;1852;601;1289;278;4;398
4;400;3956;3141;601;69;-1;4;398
4;401;4557;1852;470;1358;-2;3;397
4;402;4557;1852;470;1273;183;4;401
4;403;4557;3125;470;85;-1;4;401
4;404;5027;1852;470;1358;-2;3;397
4;405;5027;1852;470;1273;184;4;404
4;406;5027;3125;470;85;-1;4;404
4;407;5497;1852;470;1358;-2;3;397
4;408;5497;1852;470;1273;185;4;407
4;409;5497;3125;470;85;-1;4;407
4;410;5967;1852;33;1358;-1;3;397
5;411;0;0;6000;3210;-2;0;
5;412;0;0;506;3210;-2;1;411
5;413;0;0;506;1852;383;2;412
5;414;0;1852;506;1358;-2;2;412
5;415;0;1852;456;1358;-2;3;414
5;416;0;1852;456;1291;186;4;415
5;417;0;3143;456;67;-1;4;415
5;418;456;1852;50;1358;-1;3;414
5;419;506;0;1398;3210;-2;1;411
5;420;506;0;1398;1044;-2;2;419
5;421;506;0;699;1044;279;3;420
5;422;1205;0;699;1044;280;3;420
5;423;506;1044;1398;1044;-2;2;419
5;424;506;1044;699;1044;281;3;423
5;425;1205;1044;699;1044;282;3;423
5;426;506;2088;1398;1122;-2;2;419
5;427;506;2088;699;1122;-2;3;426
5;428;506;2088;699;1044;283;4;427
5;429;506;3132;699;78;-1;4;427
5;430;1205;2088;699;1122;-2;3;426
5;431;1205;2088;699;1044;284;4;430
5;432;1205;3132;699;78;-1;4;430
5;433;1904;0;479;3210;-2;1;411
5;434;1904;0;479;1376;161;2;433
5;435;1904;1376;479;1376;162;2;433
5;436;1904;2752;479;458;-2;2;433
5;437;1904;2752;442;458;-2;3;436
5;438;1904;2752;442;380;384;4;437
5;439;1904;3132;442;78;-1;4;437
5;440;2346;2752;37;458;-1;3;436
5;441;2383;0;379;3210;-2;1;411
5;442;2383;0;379;1494;-2;2;441
5;443;2383;0;305;1494;339;3;442
5;444;2688;0;74;1494;-1;3;442
5;445;2383;1494;379;782;-2;2;441
5;446;2383;1494;332;782;315;3;445
5;447;2715;1494;47;782;-1;3;445
5;448;2383;2276;379;68;-1;2;441
5;449;2383;2344;379;866;144;2;441
5;450;2762;0;448;3210;-2;1;411
5;451;2762;0;448;1692;-2;2;450
5;452;2762;0;428;1692;163;3;451
5;453;3190;0;20;1692;-1;3;451
5;454;2762;1692;448;1381;187;2;450
5;455;2762;3073;448;137;-1;2;450
5;456;3210;0;1413;3210;-2;1;411
5;457;3210;0;1413;1044;-2;2;456
5;458;3210;0;699;1044;285;3;457
5;459;3909;0;714;1044;-2;3;457
5;460;3909;0;714;1022;316;4;459
5;461;3909;1022;714;22;-1;4;459
5;462;3210;1044;1413;754;-2;2;456
5;463;3210;1044;1383;754;317;3;462
5;464;4593;1044;30;754;-1;3;462
5;465;3210;1798;1413;448;-2;2;456
5;466;3210;1798;1381;448;188;3;465
5;467;4591;1798;32;448;-1;3;465
5;468;3210;2246;1413;482;-2;2;456
5;469;3210;2246;1364;482;189;3;468
5;470;4574;2246;49;482;-1;3;468
5;471;3210;2728;1413;482;-2;2;456
5;472;3210;2728;1364;482;190;3;471
5;473;4574;2728;49;482;-1;3;471
5;474;4623;0;307;3210;-2;1;411
5;475;4623;0;307;1544;340;2;474
5;476;4623;1544;307;1544;341;2;474
5;477;4623;3088;307;122;-1;2;474
5;478;4930;0;582;3210;-2;1;411
5;479;4930;0;582;1772;191;2;478
5;480;4930;1772;582;628;-2;2;478
5;481;4930;1772;264;628;192;3;480
5;482;5194;1772;264;628;193;3;480
5;483;5458;1772;54;628;-1;3;480
5;484;4930;2400;582;810;-2;2;478
5;485;4930;2400;513;810;-2;3;484
5;486;4930;2400;513;755;246;4;485
5;487;4930;3155;513;55;-1;4;485
5;488;5443;2400;69;810;-1;3;484
5;489;5512;0;488;3210;-2;1;411
5;490;5512;0;488;1055;215;2;489
5;491;5512;1055;488;1055;216;2;489
5;492;5512;2110;488;1055;217;2;489
5;493;5512;3165;488;45;-1;2;489
6;494;0;0;6000;3210;-2;0;
6;495;0;0;1724;3210;-2;1;494
6;496;0;0;1724;428;-2;2;495
6;497;0;0;1692;428;164;3;496
6;498;1692;0;32;428;-1;3;496
6;499;0;428;1724;428;-2;2;495
6;500;0;428;1692;428;165;3;499
6;501;1692;428;32;428;-1;3;499
6;502;0;856;1724;2010;-2;2;495
6;503;0;856;426;2010;166;3;502
6;504;426;856;426;2010;167;3;502
6;505;852;856;426;2010;168;3;502
6;506;1278;856;426;2010;169;3;502
6;507;1704;856;20;2010;-1;3;502
6;508;0;2866;1724;344;-2;2;495
6;509;0;2866;773;344;-2;3;508
6;510;0;2866;773;320;385;4;509
6;511;0;3186;773;24;-1;4;509
6;512;773;2866;773;344;-2;3;508
6;513;773;2866;773;320;386;4;512
6;514;773;3186;773;24;-1;4;512
6;515;1546;2866;178;344;-1;3;508
6;516;1724;0;527;3210;-2;1;494
6;517;1724;0;527;1587;194;2;516
6;518;1724;1587;527;1587;195;2;516
6;519;1724;3174;527;36;-1;2;516
6;520;2251;0;727;3210;-2;1;494
6;521;2251;0;727;1199;170;2;520
6;522;2251;1199;727;1199;171;2;520
6;523;2251;2398;727;812;-2;2;520
6;524;2251;2398;615;812;-2;3;523
6;525;2251;2398;615;785;8;4;524
6;526;2251;3183;615;27;-1;4;524
6;527;2866;2398;112;812;-1;3;523
6;528;2978;0;727;3210;-2;1;494
6;529;2978;0;727;1199;172;2;528
6;530;2978;1199;727;1199;173;2;528
6;531;2978;2398;727;373;-2;2;528
6;532;2978;2398;654;373;318;3;531
6;533;3632;2398;73;373;-1;3;531
6;534;2978;2771;727;439;-2;2;528
6;535;2978;2771;535;439;-2;3;534
6;536;2978;2771;535;415;9;4;535
6;537;2978;3186;535;24;-1;4;535
6;538;3513;2771;192;439;-1;3;534
6;539;3705;0;1054;3210;-2;1;494
6;540;3705;0;1054;1654;-2;2;539
6;541;3705;0;527;1654;196;3;540
6;542;4232;0;527;1654;197;3;540
6;543;3705;1654;1054;755;-2;2;539
6;544;3705;1654;513;755;247;3;543
6;545;4218;1654;513;755;248;3;543
6;546;4731;1654;28;755;-1;3;543
6;547;3705;2409;1054;801;-2;2;539
6;548;3705;2409;642;801;-2;3;547
6;549;3705;2409;642;766;286;4;548
6;550;3705;3175;642;35;-1;4;548
6;551;4347;2409;358;801;-2;3;547
6;552;4347;2409;358;780;10;4;551
6;553;4347;3189;358;21;-1;4;551
6;554;4705;2409;54;801;-1;3;547
6;555;4759;0;672;3210;-2;1;494
6;556;4759;0;672;1045;218;2;555
6;557;4759;1045;672;20;-1;2;555
6;558;4759;1065;672;998;-2;2;555
6;559;4759;1065;607;998;287;3;558
6;560;5366;1065;65;998;-1;3;558
6;561;4759;2063;672;1147;-2;2;555
6;562;4759;2063;607;1147;-2;3;561
6;563;4759;2063;607;998;288;4;562
6;564;4759;3061;607;149;-1;4;562
6;565;5366;2063;65;1147;-1;3;561
6;566;5431;0;569;3210;-2;1;494
6;567;5431;0;569;616;-2;2;566
6;568;5431;0;518;616;-2;3;567
6;569;5431;0;518;564;34;4;568
6;570;5431;564;518;52;-1;4;568
6;571;5949;0;51;616;-1;3;567
6;572;5431;616;569;1920;-2;2;566
6;573;5431;616;533;1920;289;3;572
6;574;5964;616;36;1920;-1;3;572
6;575;5431;2536;569;674;-2;2;566
6;576;5431;2536;270;674;-2;3;575
6;577;5431;2536;270;604;387;4;576
6;578;5431;3140;270;70;-1;4;576
6;579;5701;2536;270;674;-2;3;575
6;580;5701;2536;270;604;388;4;579
6;581;5701;3140;270;70;-1;4;579
6;582;5971;2536;29;674;-1;3;575
7;583;0;0;6000;3210;-2;0;
7;584;0;0;533;3210;-2;1;583
7;585;0;0;533;1920;290;2;584
7;586;0;1920;533;1290;-2;2;584
7;587;0;1920;461;1290;-2;3;586
7;588;0;1920;461;1148;198;4;587
7;589;0;3068;461;142;-1;4;587
7;590;461;1920;72;1290;-1;3;586
7;591;533;0;1409;3210;-2;1;583
7;592;533;0;1409;235;342;2;591
7;593;533;235;1409;235;343;2;591
7;594;533;470;1409;1148;-2;2;591
7;595;533;470;461;1148;199;3;594
7;596;994;470;461;1148;200;3;594
7;597;1455;470;461;1148;201;3;594
7;598;1916;470;26;1148;-1;3;594
7;599;533;1618;1409;748;-2;2;591
7;600;533;1618;1375;748;319;3;599
7;601;1908;1618;34;748;-1;3;599
7;602;533;2366;1409;844;-2;2;591
7;603;533;2366;432;844;-2;3;602
7;604;533;2366;432;814;96;4;603
7;605;533;3180;432;30;-1;4;603
7;606;965;2366;477;844;-2;3;602
7;607;965;2366;477;764;97;4;606
7;608;965;3130;477;80;-1;4;606
7;609;1442;2366;477;844;-2;3;602
7;610;1442;2366;477;764;98;4;609
7;611;1442;3130;477;80;-1;4;609
7;612;1919;2366;23;844;-1;3;602
7;613;1942;0;948;3210;-2;1;583
7;614;1942;0;948;1155;-2;2;613
7;615;1942;0;463;1155;69;3;614
7;616;2405;0;463;1155;70;3;614
7;617;2868;0;22;1155;-1;3;614
7;618;1942;1155;948;352;-2;2;613
7;619;1942;1155;858;352;320;3;618
7;620;2800;1155;90;352;-1;3;618
7;621;1942;1507;948;627;71;2;613
7;622;1942;2134;948;1076;-2;2;613
7;623;1942;2134;460;1076;-2;3;622
7;624;1942;2134;460;1055;249;4;623
7;625;1942;3189;460;21;-1;4;623
7;626;2402;2134;488;1076;-2;3;622
7;627;2402;2134;488;1055;250;4;626
7;628;2402;3189;488;21;-1;4;626
7;629;2890;0;297;3210;-2;1;583
7;630;2890;0;297;1494;344;2;629
7;631;2890;1494;297;1494;345;2;629
7;632;2890;2988;297;222;-1;2;629
7;633;3187;0;584;3210;-2;1;583
7;634;3187;0;584;1135;-2;2;633
7;635;3187;0;553;1135;72;3;634
7;636;3740;0;31;1135;-1;3;634
7;637;3187;1135;584;520;-2;2;633
7;638;3187;1135;564;520;35;3;637
7;639;3751;1135;20;520;-1;3;637
7;640;3187;1655;584;1116;-2;2;633
7;641;3187;1655;547;1116;145;3;640
7;642;3734;1655;37;1116;-1;3;640
7;643;3187;2771;584;439;-2;2;633
7;644;3187;2771;540;439;-2;3;643
7;645;3187;2771;540;415;99;4;644
7;646;3187;3186;540;24;-1;4;644
7;647;3727;2771;44;439;-1;3;643
7;648;3771;0;727;3210;-2;1;583
7;649;3771;0;727;1204;174;2;648
7;650;3771;1204;727;1204;175;2;648
7;651;3771;2408;727;802;-2;2;648
7;652;3771;2408;358;802;-2;3;651
7;653;3771;2408;358;780;11;4;652
7;654;3771;3188;358;22;-1;4;652
7;655;4129;2408;315;802;-2;3;651
7;656;4129;2408;315;760;251;4;655
7;657;4129;3168;315;42;-1;4;655
7;658;4444;2408;54;802;-1;3;651
7;659;4498;0;513;3210;-2;1;583
7;660;4498;0;513;1166;-2;2;659
7;661;4498;0;479;1166;146;3;660
7;662;4977;0;34;1166;-1;3;660
7;663;4498;1166;513;555;252;2;659
7;664;4498;1721;513;555;253;2;659
7;665;4498;2276;513;934;-2;2;659
7;666;4498;2276;473;934;-2;3;665
7;667;4498;2276;473;873;12;4;666
7;668;4498;3149;473;61;-1;4;666
7;669;4971;2276;40;934;-1;3;665
7;670;5011;0;969;3210;-2;1;583
7;671;5011;0;969;873;-2;2;670
7;672;5011;0;473;873;13;3;671
7;673;5484;0;473;873;14;3;671
7;674;5957;0;23;873;-1;3;671
7;675;5011;873;969;1148;-2;2;670
7;676;5011;873;461;1148;202;3;675
7;677;5472;873;461;1148;203;3;675
7;678;5933;873;47;1148;-1;3;675
7;679;5011;2021;969;1189;-2;2;670
7;680;5011;2021;327;1189;-2;3;679
7;681;5011;2021;327;1164;219;4;680
7;682;5011;3185;327;25;-1;4;680
7;683;5338;2021;327;1189;-2;3;679
7;684;5338;2021;327;1164;220;4;683
7;685;5338;3185;327;25;-1;4;683
7;686;5665;2021;295;1189;-2;3;679
7;687;5665;2021;295;1065;73;4;686
7;688;5665;3086;295;124;-1;4;686
7;689;5960;2021;20;1189;-1;3;679
7;690;5980;0;20;3210;-1;1;583
8;691;0;0;6000;3210;-2;0;
8;692;0;0;1236;3210;-2;1;691
8;693;0;0;1236;1744;-2;2;692
8;694;0;0;412;1744;204;3;693
8;695;412;0;412;1744;205;3;693
8;696;824;0;412;1744;206;3;693
8;697;0;1744;1236;564;-2;2;692
8;698;0;1744;618;564;36;3;697
8;699;618;1744;618;564;37;3;697
8;700;0;2308;1236;479;-2;2;692
8;701;0;2308;1166;479;147;3;700
8;702;1166;2308;70;479;-1;3;700
8;703;0;2787;1236;423;-2;2;692
8;704;0;2787;1131;423;-2;3;703
8;705;0;2787;1131;398;221;4;704
8;706;0;3185;1131;25;-1;4;704
8;707;1131;2787;105;423;-1;3;703
8;708;1236;0;1651;3210;-2;1;691
8;709;1236;0;1651;1692;-2;2;708
8;710;1236;0;702;1692;176;3;709
8;711;1938;0;455;1692;-2;3;709
8;712;1938;0;455;1656;74;4;711
8;713;1938;1656;455;36;-1;4;711
8;714;2393;0;494;1692;-2;3;709
8;715;2393;0;494;1593;75;4;714
8;716;2393;1593;494;99;-1;4;714
8;717;1236;1692;1651;1518;-2;2;708
8;718;1236;1692;305;1518;-2;3;717
8;719;1236;1692;305;1494;346;4;718
8;720;1236;3186;305;24;-1;4;718
8;721;1541;1692;673;1518;-2;3;717
8;722;1541;1692;673;1475;76;4;721
8;723;1541;3167;673;43;-1;4;721
8;724;2214;1692;673;1518;-2;3;717
8;725;2214;1692;673;1475;77;4;724
8;726;2214;3167;673;43;-1;4;724
8;727;2887;0;418;3210;-2;1;691
8;728;2887;0;418;2031;78;2;727
8;729;2887;2031;418;1179;-2;2;727
8;730;2887;2031;398;1179;-2;3;729
8;731;2887;2031;398;1131;222;4;730
8;732;2887;3162;398;48;-1;4;730
8;733;3285;2031;20;1179;-1;3;729
8;734;3305;0;730;3210;-2;1;691
8;735;3305;0;730;1854;-2;2;734
8;736;3305;0;365;1854;347;3;735
8;737;3670;0;365;1854;348;3;735
8;738;3305;1854;730;1356;-2;2;734
8;739;3305;1854;347;1356;-2;3;738
8;740;3305;1854;347;298;-2;4;739
8;741;3305;2152;347;1058;15;4;739
8;742;3652;1854;383;1356;-2;3;738
8;743;3652;1854;383;1245;38;4;742
8;744;3652;3099;383;111;-1;4;742
8;745;4035;0;445;3210;-2;1;691
8;746;4035;0;445;2031;-2;2;745
8;747;4035;0;418;2031;79;3;746
8;748;4453;0;27;2031;-1;3;746
8;749;4035;2031;445;1135;16;2;745
8;750;4035;3166;445;44;-1;2;745
8;751;4480;0;633;3210;-2;1;691
8;752;4480;0;633;1738;-2;2;751
8;753;4480;0;610;1738;80;3;752
8;754;5090;0;23;1738;-1;3;752
8;755;4480;1738;633;1472;-2;2;751
8;756;4480;1738;383;1472;-2;3;755
8;757;4480;1738;383;1245;39;4;756
8;758;4480;2983;383;227;-1;4;756
8;759;4863;1738;230;1472;-2;3;755
8;760;4863;1738;230;1414;389;4;759
8;761;4863;3152;230;58;-1;4;759
8;762;5093;1738;20;1472;-1;3;755
8;763;5113;0;887;3210;-2;1;691
8;764;5113;0;887;679;-2;2;763
8;765;5113;0;866;679;177;3;764
8;766;5979;0;21;679;-1;3;764
8;767;5113;679;887;1596;-2;2;763
8;768;5113;679;427;1596;17;3;767
8;769;5540;679;427;1596;18;3;767
8;770;5967;679;33;1596;-1;3;767
8;771;5113;2275;887;935;-2;2;763
8;772;5113;2275;390;935;-2;3;771
8;773;5113;2275;390;909;321;4;772
8;774;5113;3184;390;26;-1;4;772
8;775;5503;2275;390;935;-2;3;771
8;776;5503;2275;390;909;322;4;775
8;777;5503;3184;390;26;-1;4;775
8;778;5893;2275;107;935;-1;3;771
9;779;0;0;6000;3210;-2;0;
9;780;0;0;443;3210;-2;1;779
9;781;0;0;443;1785;19;2;780
9;782;0;1785;443;1425;-2;2;780
9;783;0;1785;404;1425;-2;3;782
9;784;0;1785;404;1164;223;4;783
9;785;0;2949;404;261;-1;4;783
9;786;404;1785;39;1425;-1;3;782
9;787;443;0;840;3210;-2;1;779
9;788;443;0;840;1926;-2;2;787
9;789;443;0;420;1926;20;3;788
9;790;863;0;420;1926;21;3;788
9;791;443;1926;840;508;-2;2;787
9;792;443;1926;760;508;254;3;791
9;793;1203;1926;80;508;-1;3;791
9;794;443;2434;840;776;-2;2;787
9;795;443;2434;382;776;-2;3;794
9;796;443;2434;382;614;100;4;795
9;797;443;3048;382;162;-1;4;795
9;798;825;2434;415;776;-2;3;794
9;799;825;2434;415;755;207;4;798
9;800;825;3189;415;21;-1;4;798
9;801;1240;2434;43;776;-1;3;794
9;802;1283;0;1012;3210;-2;1;779
9;803;1283;0;1012;1931;-2;2;802
9;804;1283;0;420;1931;22;3;803
9;805;1703;0;592;1931;-2;3;803
9;806;1703;0;592;1894;81;4;805
9;807;1703;1894;592;37;-1;4;805
9;808;1283;1931;1012;315;-2;2;802
9;809;1283;1931;936;315;101;3;808
9;810;2219;1931;76;315;-1;3;808
9;811;1283;2246;1012;618;-2;2;802
9;812;1283;2246;964;618;40;3;811
9;813;2247;2246;48;618;-1;3;811
9;814;1283;2864;1012;346;-2;2;802
9;815;1283;2864;936;346;-2;3;814
9;816;1283;2864;936;315;102;4;815
9;817;1283;3179;936;31;-1;4;815
9;818;2219;2864;76;346;-1;3;814
9;819;2295;0;854;3210;-2;1;779
9;820;2295;0;854;1596;-2;2;819
9;821;2295;0;427;1596;23;3;820
9;822;2722;0;427;1596;24;3;820
9;823;2295;1596;854;1164;-2;2;819
9;824;2295;1596;404;1164;224;3;823
9;825;2699;1596;404;1164;225;3;823
9;826;3103;1596;46;1164;-1;3;823
9;827;2295;2760;854;450;-2;2;819
9;828;2295;2760;745;450;-2;3;827
9;829;2295;2760;745;425;103;4;828
9;830;2295;3185;745;25;-1;4;828
9;831;3040;2760;109;450;-1;3;827
9;832;3149;0;805;3210;-2;1;779
9;833;3149;0;805;1373;-2;2;832
9;834;3149;0;784;1373;41;3;833
9;835;3933;0;21;1373;-1;3;833
9;836;3149;1373;805;1837;-2;2;832
9;837;3149;1373;443;1837;-2;3;836
9;838;3149;1373;443;1785;25;4;837
9;839;3149;3158;443;52;-1;4;837
9;840;3592;1373;362;1837;-2;3;836
9;841;3592;1373;362;1634;349;4;840
9;842;3592;3007;362;203;-1;4;840
9;843;3954;0;610;3210;-2;1;779
9;844;3954;0;610;1738;82;2;843
9;845;3954;1738;610;873;-2;2;843
9;846;3954;1738;579;873;226;3;845
9;847;4533;1738;31;873;-1;3;845
9;848;3954;2611;610;599;-2;2;843
9;849;3954;2611;520;599;-2;3;848
9;850;3954;2611;520;564;42;4;849
9;851;3954;3175;520;35;-1;4;849
9;852;4474;2611;90;599;-1;3;848
9;853;4564;0;420;3210;-2;1;779
9;854;4564;0;420;1931;26;2;853
9;855;4564;1931;420;370;-1;2;853
9;856;4564;2301;420;909;-2;2;853
9;857;4564;2301;390;909;323;3;856
9;858;4954;2301;30;909;-1;3;856
9;859;4984;0;1016;3210;-2;1;779
9;860;4984;0;1016;320;-2;2;859
9;861;4984;0;980;320;104;3;860
9;862;5964;0;36;320;-1;3;860
9;863;4984;320;1016;329;-2;2;859
9;864;4984;320;980;329;105;3;863
9;865;5964;320;36;329;-1;3;863
9;866;4984;649;1016;1652;-2;2;859
9;867;4984;649;624;1652;-2;3;866
9;868;4984;649;624;1616;83;4;867
9;869;4984;2265;624;36;-1;4;867
9;870;5608;649;365;1652;350;3;866
9;871;5973;649;27;1652;-1;3;866
9;872;4984;2301;1016;909;-2;2;859
9;873;4984;2301;390;909;324;3;872
9;874;5374;2301;554;909;-2;3;872
9;875;5374;2301;554;853;106;4;874
9;876;5374;3154;554;56;-1;4;874
9;877;5928;2301;72;909;-1;3;872
10;878;0;0;6000;3210;-2;0;
10;879;0;0;1738;3210;-2;1;878
10;880;0;0;1738;610;84;2;879
10;881;0;610;1738;610;85;2;879
10;882;0;1220;1738;1990;-2;2;879
10;883;0;1220;569;1990;-2;3;882
10;884;0;1220;569;1931;27;4;883
10;885;0;3151;569;59;-1;4;883
10;886;569;1220;569;1990;-2;3;882
10;887;569;1220;569;1931;28;4;886
10;888;569;3151;569;59;-1;4;886
10;889;1138;1220;569;1990;-2;3;882
10;890;1138;1220;569;1926;29;4;889
10;891;1138;3146;569;64;-1;4;889
10;892;1707;1220;31;1990;-1;3;882
10;893;1738;0;538;3210;-2;1;878
10;894;1738;0;538;1460;-2;2;893
10;895;1738;0;505;1460;148;3;894
10;896;2243;0;33;1460;-1;3;894
10;897;1738;1460;538;964;227;2;893
10;898;1738;2424;538;786;-2;2;893
10;899;1738;2424;508;786;-2;3;898
10;900;1738;2424;508;760;255;4;899
10;901;1738;3184;508;26;-1;4;899
10;902;2246;2424;30;786;-1;3;898
10;903;2276;0;491;3210;-2;1;878
10;904;2276;0;491;1203;-2;2;903
10;905;2276;0;456;1203;228;3;904
10;906;2732;0;35;1203;-1;3;904
10;907;2276;1203;491;980;-2;2;903
10;908;2276;1203;471;980;107;3;907
10;909;2747;1203;20;980;-1;3;907
10;910;2276;2183;491;1027;-2;2;903
10;911;2276;2183;471;1027;-2;3;910
10;912;2276;2183;471;980;108;4;911
10;913;2276;3163;471;47;-1;4;911
10;914;2747;2183;20;1027;-1;3;910
10;915;2767;0;505;3210;-2;1;878
10;916;2767;0;505;1460;149;2;915
10;917;2767;1460;505;1030;-2;2;915
10;918;2767;1460;463;1030;109;3;917
10;919;3230;1460;42;1030;-1;3;917
10;920;2767;2490;505;720;-2;2;915
10;921;2767;2490;442;720;-2;3;920
10;922;2767;2490;442;566;291;4;921
10;923;2767;3056;442;154;-1;4;921
10;924;3209;2490;63;720;-1;3;920
10;925;3272;0;415;3210;-2;1;878
10;926;3272;0;415;1265;-2;2;925
10;927;3272;0;391;1265;43;3;926
10;928;3663;0;24;1265;-1;3;926
10;929;3272;1265;415;755;208;2;925
10;930;3272;2020;415;1190;-2;2;925
10;931;3272;2020;362;1190;-2;3;930
10;932;3272;2020;362;1130;292;4;931
10;933;3272;3150;362;60;-1;4;931
10;934;3634;2020;53;1190;-1;3;930
10;935;3687;0;958;3210;-2;1;878
10;936;3687;0;958;1270;-2;2;935
10;937;3687;0;929;1270;86;3;936
10;938;4616;0;29;1270;-1;3;936
10;939;3687;1270;958;866;-2;2;935
10;940;3687;1270;479;866;293;3;939
10;941;4166;1270;479;866;294;3;939
10;942;3687;2136;958;1074;-2;2;935
10;943;3687;2136;479;1074;-2;3;942
10;944;3687;2136;479;1050;295;4;943
10;945;3687;3186;479;24;-1;4;943
10;946;4166;2136;479;1074;-2;3;942
10;947;4166;2136;479;1050;296;4;946
10;948;4166;3186;479;24;-1;4;946
10;949;4645;0;1310;3210;-2;1;878
10;950;4645;0;1310;391;-2;2;949
10;951;4645;0;1265;391;44;3;950
10;952;5910;0;45;391;-1;3;950
10;953;4645;391;1310;393;-2;2;949
10;954;4645;391;1280;393;45;3;953
10;955;5925;391;30;393;-1;3;953
10;956;4645;784;1310;393;-2;2;949
10;957;4645;784;1280;393;46;3;956
10;958;5925;784;30;393;-1;3;956
10;959;4645;1177;1310;403;-2;2;949
10;960;4645;1177;1265;403;47;3;959
10;961;5910;1177;45;403;-1;3;959
10;962;4645;1580;1310;403;-2;2;949
10;963;4645;1580;1265;403;48;3;962
10;964;5910;1580;45;403;-1;3;962
10;965;4645;1983;1310;396;-2;2;949
10;966;4645;1983;1290;396;49;3;965
10;967;5935;1983;20;396;-1;3;965
10;968;4645;2379;1310;396;-2;2;949
10;969;4645;2379;1290;396;50;3;968
10;970;5935;2379;20;396;-1;3;968
10;971;4645;2775;1310;435;-2;2;949
10;972;4645;2775;1265;435;-2;3;971
10;973;4645;2775;1265;403;51;4;972
10;974;4645;3178;1265;32;-1;4;972
10;975;5910;2775;45;435;-1;3;971
10;976;5955;0;45;3210;-1;1;878
11;977;0;0;6000;3210;-2;0;
11;978;0;0;456;3210;-2;1;977
11;979;0;0;456;1265;-2;2;978
11;980;0;0;403;1265;52;3;979
11;981;403;0;53;1265;-1;3;979
11;982;0;1265;456;1203;229;2;978
11;983;0;2468;456;742;-2;2;978
11;984;0;2468;426;742;-2;3;983
11;985;0;2468;426;702;209;4;984
11;986;0;3170;426;40;-1;4;984
11;987;426;2468;30;742;-1;3;983
11;988;456;0;570;3210;-2;1;977
11;989;456;0;570;1592;53;2;988
11;990;456;1592;570;1592;54;2;988
11;991;456;3184;570;26;-1;2;988
11;992;1026;0;1674;3210;-2;1;977
11;993;1026;0;1674;365;-2;2;992
11;994;1026;0;1652;365;351;3;993
11;995;2678;0;22;365;-1;3;993
11;996;1026;365;1674;570;-2;2;992
11;997;1026;365;1592;570;55;3;996
11;998;2618;365;82;570;-1;3;996
11;999;1026;935;1674;365;-2;2;992
11;1000;1026;935;1654;365;352;3;999
11;1001;2680;935;20;365;-1;3;999
11;1002;1026;1300;1674;365;-2;2;992
11;1003;1026;1300;1654;365;353;3;1002
11;1004;2680;1300;20;365;-1;3;1002
11;1005;1026;1665;1674;362;-2;2;992
11;1006;1026;1665;1634;362;354;3;1005
11;1007;2660;1665;40;362;-1;3;1005
11;1008;1026;2027;1674;365;-2;2;992
11;1009;1026;2027;1654;365;355;3;1008
11;1010;2680;2027;20;365;-1;3;1008
11;1011;1026;2392;1674;365;-2;2;992
11;1012;1026;2392;1654;365;356;3;1011
11;1013;2680;2392;20;365;-1;3;1011
11;1014;1026;2757;1674;453;-2;2;992
11;1015;1026;2757;1649;453;-2;3;1014
11;1016;1026;2757;1649;367;357;4;1015
11;1017;1026;3124;1649;86;-1;4;1015
11;1018;2675;2757;25;453;-1;3;1014
11;1019;2700;0;886;3210;-2;1;977
11;1020;2700;0;886;1100;-2;2;1019
11;1021;2700;0;443;1100;87;3;1020
11;1022;3143;0;443;1100;88;3;1020
11;1023;2700;1100;886;513;-2;2;1019
11;1024;2700;1100;755;513;256;3;1023
11;1025;3455;1100;131;513;-1;3;1023
11;1026;2700;1613;886;679;-2;2;1019
11;1027;2700;1613;866;679;178;3;1026
11;1028;3566;1613;20;679;-1;3;1026
11;1029;2700;2292;886;918;-2;2;1019
11;1030;2700;2292;866;918;-2;3;1029
11;1031;2700;2292;866;842;179;4;1030
11;1032;2700;3134;866;76;-1;4;1030
11;1033;3566;2292;20;918;-1;3;1029
11;1034;3586;0;1081;3210;-2;1;977
11;1035;3586;0;1081;352;325;2;1034
11;1036;3586;352;1081;1166;-2;2;1034
11;1037;3586;352;479;1166;297;3;1036
11;1038;4065;352;479;1166;298;3;1036
11;1039;4544;352;123;1166;-1;3;1036
11;1040;3586;1518;1081;488;-2;2;1034
11;1041;3586;1518;1055;488;257;3;1040
11;1042;4641;1518;26;488;-1;3;1040
11;1043;3586;2006;1081;699;-2;2;1034
11;1044;3586;2006;1044;699;326;3;1043
11;1045;4630;2006;37;699;-1;3;1043
11;1046;3586;2705;1081;505;-2;2;1034
11;1047;3586;2705;1030;505;-2;3;1046
11;1048;3586;2705;1030;463;110;4;1047
11;1049;3586;3168;1030;42;-1;4;1047
11;1050;4616;2705;51;505;-1;3;1046
11;1051;4667;0;477;3210;-2;1;977
11;1052;4667;0;477;1040;111;2;1051
11;1053;4667;1040;477;1040;112;2;1051
11;1054;4667;2080;477;1130;-2;2;1051
11;1055;4667;2080;443;1130;-2;3;1054
11;1056;4667;2080;443;1100;89;4;1055
11;1057;4667;3180;443;30;-1;4;1055
11;1058;5110;2080;34;1130;-1;3;1054
11;1059;5144;0;399;3210;-2;1;977
11;1060;5144;0;399;1649;-2;2;1059
11;1061;5144;0;367;1649;358;3;1060
11;1062;5511;0;32;1649;-1;3;1060
11;1063;5144;1649;399;764;-2;2;1059
11;1064;5144;1649;379;764;327;3;1063
11;1065;5523;1649;20;764;-1;3;1063
11;1066;5144;2413;399;797;-2;2;1059
11;1067;5144;2413;379;797;-2;3;1066
11;1068;5144;2413;379;764;328;4;1067
11;1069;5144;3177;379;33;-1;4;1067
11;1070;5523;2413;20;797;-1;3;1066
11;1071;5543;0;431;3210;-2;1;977
11;1072;5543;0;431;1849;-2;2;1071
11;1073;5543;0;365;1849;359;3;1072
11;1074;5908;0;66;1849;-1;3;1072
11;1075;5543;1849;431;1273;230;2;1071
11;1076;5543;3122;431;88;-1;2;1071
11;1077;5974;0;26;3210;-1;1;977
12;1078;0;0;6000;3210;-2;0;
12;1079;0;0;1264;3210;-2;1;1078
12;1080;0;0;1264;462;-2;2;1079
12;1081;0;0;1194;462;231;3;1080
12;1082;1194;0;70;462;-1;3;1080
12;1083;0;462;1264;315;-2;2;1079
12;1084;0;462;555;315;258;3;1083
12;1085;555;462;555;315;259;3;1083
12;1086;1110;462;154;315;-1;3;1083
12;1087;0;777;1264;475;232;2;1079
12;1088;0;1252;1264;475;233;2;1079
12;1089;0;1727;1264;475;234;2;1079
12;1090;0;2202;1264;465;-2;2;1079
12;1091;0;2202;1135;465;113;3;1090
12;1092;1135;2202;129;465;-1;3;1090
12;1093;0;2667;1264;475;235;2;1079
12;1094;0;3142;1264;68;-1;2;1079
12;1095;1264;0;465;3210;-2;1;1078
12;1096;1264;0;465;858;-2;2;1095
12;1097;1264;0;352;858;329;3;1096
12;1098;1616;0;113;858;-1;3;1096
12;1099;1264;858;465;1135;114;2;1095
12;1100;1264;1993;465;1139;115;2;1095
12;1101;1264;3132;465;78;-1;2;1095
12;1102;1729;0;1415;3210;-2;1;1078
12;1103;1729;0;1415;475;-2;2;1102
12;1104;1729;0;1264;475;236;3;1103
12;1105;2993;0;151;475;-1;3;1103
12;1106;1729;475;1415;475;-2;2;1102
12;1107;1729;475;1264;475;237;3;1106
12;1108;2993;475;151;475;-1;3;1106
12;1109;1729;950;1415;448;-2;2;1102
12;1110;1729;950;1381;448;238;3;1109
12;1111;3110;950;34;448;-1;3;1109
12;1112;1729;1398;1415;642;-2;2;1102
12;1113;1729;1398;315;642;-2;3;1112
12;1114;1729;1398;315;555;260;4;1113
12;1115;1729;1953;315;87;-1;4;1113
12;1116;2044;1398;1066;642;299;3;1112
12;1117;3110;1398;34;642;-1;3;1112
12;1118;1729;2040;1415;1170;-2;2;1102
12;1119;1729;2040;465;1170;-2;3;1118
12;1120;1729;2040;465;1139;116;4;1119
12;1121;1729;3179;465;31;-1;4;1119
12;1122;2194;2040;465;1170;-2;3;1118
12;1123;2194;2040;465;1139;117;4;1122
12;1124;2194;3179;465;31;-1;4;1122
12;1125;2659;2040;465;1170;-2;3;1118
12;1126;2659;2040;465;1139;118;4;1125
12;1127;2659;3179;465;31;-1;4;1125
12;1128;3124;2040;20;1170;-1;3;1118
12;1129;3144;0;1696;3210;-2;1;1078
12;1130;3144;0;1696;237;-2;2;1129
12;1131;3144;0;1673;237;261;3;1130
12;1132;4817;0;23;237;-1;3;1130
12;1133;3144;237;1696;1055;-2;2;1129
12;1134;3144;237;488;1055;262;3;1133
12;1135;3632;237;488;1055;263;3;1133
12;1136;4120;237;618;1055;-2;3;1133
12;1137;4120;237;618;964;56;4;1136
12;1138;4120;1201;618;91;-1;4;1136
12;1139;4738;237;102;1055;-1;3;1133
12;1140;3144;1292;1696;613;264;2;1129
12;1141;3144;1905;1696;613;265;2;1129
12;1142;3144;2518;1696;692;-2;2;1129
12;1143;3144;2518;1673;692;-2;3;1142
12;1144;3144;2518;1673;647;266;4;1143
12;1145;3144;3165;1673;45;-1;4;1143
12;1146;4817;2518;23;692;-1;3;1142
12;1147;4840;0;1135;3210;-2;1;1078
12;1148;4840;0;1135;618;-2;2;1147
12;1149;4840;0;1064;618;57;3;1148
12;1150;5904;0;71;618;-1;3;1148
12;1151;4840;618;1135;618;-2;2;1147
12;1152;4840;618;1064;618;58;3;1151
12;1153;5904;618;71;618;-1;3;1151
12;1154;4840;1236;1135;1381;-2;2;1147
12;1155;4840;1236;448;1381;239;3;1154
12;1156;5288;1236;616;1381;-2;3;1154
12;1157;5288;1236;616;1164;59;4;1156
12;1158;5288;2400;616;217;-1;4;1156
12;1159;5904;1236;71;1381;-1;3;1154
12;1160;4840;2617;1135;553;119;2;1147
12;1161;4840;3170;1135;40;-1;2;1147
12;1162;5975;0;25;3210;-1;1;1078
13;1163;0;0;6000;3210;-2;0;
13;1164;0;0;328;3210;-2;1;1163
13;1165;0;0;328;431;-2;2;1164
13;1166;0;0;252;431;267;3;1165
13;1167;252;0;76;431;-1;3;1165
13;1168;0;431;328;630;268;2;1164
13;1169;0;1061;328;630;269;2;1164
13;1170;0;1691;328;1519;-1;2;1164
13;1171;328;0;5672;3210;-3;1;1163
