PLATE_ID;NODE_ID;X;Y;WIDTH;HEIGHT;TYPE;CUT;PARENT
0;0;0;0;6000;3210;-2;0;
0;1;0;0;910;3210;-2;1;0
0;2;0;0;910;1142;-2;2;1
0;3;0;0;315;1142;0;3;2
0;4;315;0;595;1142;-2;3;2
0;5;315;0;595;1122;60;4;4
0;6;315;1122;595;20;-1;4;4
0;7;0;1142;910;831;-2;2;1
0;8;0;1142;862;831;61;3;7
0;9;862;1142;48;831;-1;3;7
0;10;0;1973;910;310;-2;2;1
0;11;0;1973;232;310;-1;3;10
0;12;232;1973;557;310;20;3;10
0;13;789;1973;121;310;-1;3;10
0;14;0;2283;910;927;-2;2;1
0;15;0;2283;526;927;-2;3;14
0;16;0;2283;526;807;30;4;15
0;17;0;3090;526;120;-1;4;15
0;18;526;2283;359;927;-2;3;14
0;19;526;2283;359;804;40;4;18
0;20;526;3087;359;123;-1;4;18
0;21;885;2283;25;927;-1;3;14
0;22;910;0;800;3210;-2;1;0
0;23;910;0;800;1675;-2;2;22
0;24;910;0;277;1675;62;3;23
0;25;1187;0;523;1675;63;3;23
0;26;910;1675;800;1535;-2;2;22
0;27;910;1675;464;1535;-2;3;26
0;28;910;1675;464;1400;50;4;27
0;29;910;3075;464;135;-1;4;27
0;30;1374;1675;315;1535;-2;3;26
0;31;1374;1675;315;1142;1;4;30
0;32;1374;2817;315;393;-1;4;30
0;33;1689;1675;21;1535;-1;3;26
0;34;1710;0;1626;3210;-2;1;0
0;35;1710;0;1626;544;-2;2;34
0;36;1710;0;1604;544;41;3;35
0;37;3314;0;22;544;-1;3;35
0;38;1710;544;1626;544;-2;2;34
0;39;1710;544;1604;544;42;3;38
0;40;3314;544;22;544;-1;3;38
0;41;1710;1088;1626;544;-2;2;34
0;42;1710;1088;1604;544;43;3;41
0;43;3314;1088;22;544;-1;3;41
0;44;1710;1632;1626;1578;-2;2;34
0;45;1710;1632;902;1578;-2;3;44
0;46;1710;1632;902;1558;2;4;45
0;47;1710;3190;902;20;-1;4;45
0;48;2612;1632;704;1578;-2;3;44
0;49;2612;1632;704;1431;44;4;48
0;50;2612;3063;704;147;-1;4;48
0;51;3316;1632;20;1578;-1;3;44
0;52;3336;0;1024;3210;-2;1;0
0;53;3336;0;1024;1303;-2;2;52
0;54;3336;0;20;1303;-1;3;53
0;55;3356;0;1004;1303;64;3;53
0;56;3336;1303;1024;1303;-2;2;52
0;57;3336;1303;1004;1303;65;3;56
0;58;4340;1303;20;1303;-1;3;56
0;59;3336;2606;1024;604;-2;2;52
0;60;3336;2606;824;604;-2;3;59
0;61;3336;2606;824;502;51;4;60
0;62;3336;3108;824;102;-1;4;60
0;63;4160;2606;200;604;-1;3;59
0;64;4360;0;1052;3210;-2;1;0
0;65;4360;0;1052;807;-2;2;64
0;66;4360;0;526;807;31;3;65
0;67;4886;0;526;807;32;3;65
0;68;4360;807;1052;904;-2;2;64
0;69;4360;807;516;904;3;3;68
0;70;4876;807;516;904;4;3;68
0;71;5392;807;20;904;-1;3;68
0;72;4360;1711;1052;968;-2;2;64
0;73;4360;1711;449;968;45;3;72
0;74;4809;1711;580;968;-2;3;72
0;75;4809;1711;580;947;21;4;74
0;76;4809;2658;580;21;-1;4;74
0;77;5389;1711;23;968;-1;3;72
0;78;4360;2679;1052;531;-2;2;64
0;79;4360;2679;947;531;-2;3;78
0;80;4360;2679;947;457;10;4;79
0;81;4360;3136;947;74;-1;4;79
0;82;5307;2679;105;531;-1;3;78
0;83;5412;0;588;3210;-2;1;0
0;84;5412;0;588;848;-2;2;83
0;85;5412;0;274;848;5;3;84
0;86;5686;0;274;848;6;3;84
0;87;5960;0;40;848;-1;3;84
0;88;5412;848;588;1104;7;2;83
0;89;5412;1952;588;302;-2;2;83
0;90;5412;1952;527;302;52;3;89
0;91;5939;1952;61;302;-1;3;89
0;92;5412;2254;588;956;-2;2;83
0;93;5412;2254;559;956;-2;3;92
0;94;5412;2254;559;827;53;4;93
0;95;5412;3081;559;129;-1;4;93
0;96;5971;2254;29;956;-1;3;92
1;97;0;0;6000;3210;-2;0;
1;98;0;0;522;3210;-2;1;97
1;99;0;0;522;1187;-2;2;98
1;100;0;0;495;1187;33;3;99
1;101;495;0;27;1187;-1;3;99
1;102;0;1187;522;1097;-2;2;98
1;103;0;1187;495;1097;34;3;102
1;104;495;1187;27;1097;-1;3;102
1;105;0;2284;522;926;-2;2;98
1;106;0;2284;123;926;-1;3;105
1;107;123;2284;399;926;-2;3;105
1;108;123;2284;399;349;-2;4;107
1;109;123;2633;399;577;11;4;107
1;110;522;0;324;3210;-2;1;97
1;111;522;0;324;1567;46;2;110
1;112;522;1567;324;1567;47;2;110
1;113;522;3134;324;76;-1;2;110
1;114;846;0;495;3210;-2;1;97
1;115;846;0;495;1097;35;2;114
1;116;846;1097;495;1187;36;2;114
1;117;846;2284;495;322;-2;2;114
1;118;846;2284;392;322;37;3;117
1;119;1238;2284;103;322;-1;3;117
1;120;846;2606;495;604;-2;2;114
1;121;846;2606;399;604;-2;3;120
1;122;846;2606;399;27;-2;4;121
1;123;846;2633;399;577;12;4;121
1;124;1245;2606;96;604;-1;3;120
1;125;1341;0;324;3210;-2;1;97
1;126;1341;0;324;1567;48;2;125
1;127;1341;1567;324;1567;49;2;125
1;128;1341;3134;324;76;-1;2;125
1;129;1665;0;670;3210;-2;1;97
1;130;1665;0;670;2125;13;2;129
1;131;1665;2125;670;1085;-2;2;129
1;132;1665;2125;580;1085;-2;3;131
1;133;1665;2125;580;937;22;4;132
1;134;1665;3062;580;148;-1;4;132
1;135;2245;2125;90;1085;-1;3;131
1;136;2335;0;625;3210;-2;1;97
1;137;2335;0;625;57;-1;2;136
1;138;2335;57;625;1455;14;2;136
1;139;2335;1512;625;827;-2;2;136
1;140;2335;1512;559;827;54;3;139
1;141;2894;1512;66;827;-1;3;139
1;142;2335;2339;625;871;-2;2;136
1;143;2335;2339;561;871;-2;3;142
1;144;2335;2339;561;827;55;4;143
1;145;2335;3166;561;44;-1;4;143
1;146;2896;2339;64;871;-1;3;142
1;147;2960;0;865;3210;-2;1;97
1;148;2960;0;865;561;-2;2;147
1;149;2960;0;827;561;56;3;148
1;150;3787;0;38;561;-1;3;148
1;151;2960;561;865;539;-2;2;147
1;152;2960;561;797;539;57;3;151
1;153;3757;561;68;539;-1;3;151
1;154;2960;1100;865;539;-2;2;147
1;155;2960;1100;797;539;58;3;154
1;156;3757;1100;68;539;-1;3;154
1;157;2960;1639;865;740;-2;2;147
1;158;2960;1639;445;740;66;3;157
1;159;3405;1639;352;740;-2;3;157
1;160;3405;1639;352;502;38;4;159
1;161;3405;2141;352;238;-1;4;159
1;162;3757;1639;68;740;-1;3;157
1;163;2960;2379;865;831;-2;2;147
1;164;2960;2379;506;831;-2;3;163
1;165;2960;2379;506;762;8;4;164
1;166;2960;3141;506;69;-1;4;164
1;167;3466;2379;359;831;-2;3;163
1;168;3466;2379;359;804;59;4;167
1;169;3466;3183;359;27;-1;4;167
1;170;3825;0;2155;3210;-2;1;97
1;171;3825;0;2155;599;15;2;170
1;172;3825;599;2155;599;16;2;170
1;173;3825;1198;2155;599;17;2;170
1;174;3825;1797;2155;599;18;2;170
1;175;3825;2396;2155;814;-2;2;170
1;176;3825;2396;1075;814;-2;3;175
1;177;3825;2396;1075;743;39;4;176
1;178;3825;3139;1075;71;-1;4;176
1;179;4900;2396;580;814;-2;3;175
1;180;4900;2396;580;650;19;4;179
1;181;4900;3046;580;164;-1;4;179
1;182;5480;2396;440;814;-2;3;175
1;183;5480;2396;440;717;23;4;182
1;184;5480;3113;440;97;-1;4;182
1;185;5920;2396;60;814;-1;3;175
1;186;5980;0;20;3210;-1;1;97
2;187;0;0;6000;3210;-2;0;
2;188;0;0;716;3210;-2;1;187
2;189;0;0;716;84;-1;2;188
2;190;0;84;716;1207;-2;2;188
2;191;0;84;695;1207;24;3;190
2;192;695;84;21;1207;-1;3;190
2;193;0;1291;716;1919;-2;2;188
2;194;0;1291;696;1919;-2;3;193
2;195;0;1291;696;1847;9;4;194
2;196;0;3138;696;72;-1;4;194
2;197;696;1291;20;1919;-1;3;193
2;198;716;0;1315;3210;-2;1;187
2;199;716;0;1315;592;67;2;198
2;200;716;592;1315;327;-2;2;198
2;201;716;592;490;327;25;3;200
2;202;1206;592;695;327;-2;3;200
2;203;1206;592;695;277;26;4;202
2;204;1206;869;695;50;-1;4;202
2;205;1901;592;130;327;-1;3;200
2;206;716;919;1315;899;-2;2;198
2;207;716;919;1277;899;27;3;206
2;208;1993;919;38;899;-1;3;206
2;209;716;1818;1315;899;-2;2;198
2;210;716;1818;1277;899;28;3;209
2;211;1993;1818;38;899;-1;3;209
2;212;716;2717;1315;493;-2;2;198
2;213;716;2717;947;493;-2;3;212
2;214;716;2717;947;457;29;4;213
2;215;716;3174;947;36;-1;4;213
2;216;1663;2717;368;493;-1;3;212
2;217;2031;0;3969;3210;-3;1;187
