PLATE_ID;NODE_ID;X;Y;WIDTH;HEIGHT;TYPE;CUT;PARENT
0;0;0;0;6000;3210;-2;0;
0;1;0;0;2260;3210;-2;1;0
0;2;0;0;2260;799;-2;2;1
0;3;0;0;2210;799;244;3;2
0;4;2210;0;50;799;-1;3;2
0;5;0;799;2260;1979;-2;2;1
0;6;0;799;767;1979;98;3;5
0;7;767;799;767;1979;99;3;5
0;8;1534;799;28;1979;-1;3;5
0;9;1562;799;698;1979;-2;3;5
0;10;1562;799;698;1959;159;4;9
0;11;1562;2758;698;20;-1;4;9
0;12;0;2778;2260;432;-2;2;1
0;13;0;2778;1764;432;-2;3;12
0;14;0;2778;1764;384;58;4;13
0;15;0;3162;1764;48;-1;4;13
0;16;1764;2778;281;432;-2;3;12
0;17;1764;2778;281;351;78;4;16
0;18;1764;3129;281;81;-1;4;16
0;19;2045;2778;215;432;-1;3;12
0;20;2260;0;682;3210;-2;1;0
0;21;2260;0;682;468;-2;2;20
0;22;2260;0;351;468;-2;3;21
0;23;2260;0;351;391;79;4;22
0;24;2260;391;351;77;-1;4;22
0;25;2611;0;331;468;-1;3;21
0;26;2260;468;682;321;-2;2;20
0;27;2260;468;551;321;80;3;26
0;28;2811;468;131;321;-1;3;26
0;29;2260;789;682;51;-1;2;20
0;30;2260;840;682;1884;38;2;20
0;31;2260;2724;682;486;-2;2;20
0;32;2260;2724;551;486;-2;3;31
0;33;2260;2724;551;321;81;4;32
0;34;2260;3045;551;165;-1;4;32
0;35;2811;2724;131;486;-1;3;31
0;36;2942;0;842;3210;-2;1;0
0;37;2942;0;842;2188;224;2;36
0;38;2942;2188;842;1022;-2;2;36
0;39;2942;2188;810;1022;-2;3;38
0;40;2942;2188;810;850;139;4;39
0;41;2942;3038;810;172;-1;4;39
0;42;3752;2188;32;1022;-1;3;38
0;43;3784;0;2216;3210;-2;1;0
0;44;3784;0;2216;1979;-2;2;43
0;45;3784;0;767;1979;100;3;44
0;46;4551;0;767;1979;101;3;44
0;47;5318;0;682;1979;-2;3;44
0;48;5318;0;682;1884;39;4;47
0;49;5318;1884;682;95;-1;4;47
0;50;3784;1979;2216;538;-2;2;43
0;51;3784;1979;1072;538;40;3;50
0;52;4856;1979;1072;538;41;3;50
0;53;5928;1979;72;538;-1;3;50
0;54;3784;2517;2216;693;-2;2;43
0;55;3784;2517;1372;693;-2;3;54
0;56;3784;2517;1372;150;-2;4;55
0;57;3784;2667;1372;543;42;4;55
0;58;5156;2517;721;693;-2;3;54
0;59;5156;2517;721;666;82;4;58
0;60;5156;3183;721;27;-1;4;58
0;61;5877;2517;123;693;-1;3;54
1;62;0;0;6000;3210;-2;0;
1;63;0;0;1620;3210;-2;1;62
1;64;0;0;1620;600;-2;2;63
1;65;0;0;321;600;-2;3;64
1;66;0;0;321;541;59;4;65
1;67;0;541;321;59;-1;4;65
1;68;321;0;20;600;-1;3;64
1;69;341;0;1228;600;18;3;64
1;70;1569;0;51;600;-1;3;64
1;71;0;600;1620;851;-2;2;63
1;72;0;600;810;851;140;3;71
1;73;810;600;810;851;141;3;71
1;74;0;1451;1620;851;-2;2;63
1;75;0;1451;810;851;142;3;74
1;76;810;1451;810;851;143;3;74
1;77;0;2302;1620;908;-2;2;63
1;78;0;2302;810;908;-2;3;77
1;79;0;2302;810;57;-2;4;78
1;80;0;2359;810;851;144;4;78
1;81;810;2302;810;908;-2;3;77
1;82;810;2302;810;57;-1;4;81
1;83;810;2359;810;851;145;4;81
1;84;1620;0;799;3210;-2;1;62
1;85;1620;0;799;2210;245;2;84
1;86;1620;2210;799;1000;-2;2;84
1;87;1620;2210;666;1000;-2;3;86
1;88;1620;2210;666;721;83;4;87
1;89;1620;2931;666;279;-1;4;87
1;90;2286;2210;133;1000;-1;3;86
1;91;2419;0;1246;3210;-2;1;62
1;92;2419;0;1246;1513;179;2;91
1;93;2419;1513;1246;184;-1;2;91
1;94;2419;1697;1246;1513;180;2;91
1;95;3665;0;887;3210;-2;1;62
1;96;3665;0;887;2188;-2;2;95
1;97;3665;0;842;2188;246;3;96
1;98;4507;0;45;2188;-1;3;96
1;99;3665;2188;887;1022;265;2;95
1;100;4552;0;1448;3210;-2;1;62
1;101;4552;0;1448;395;-2;2;100
1;102;4552;0;203;395;-1;3;101
1;103;4755;0;1205;395;146;3;101
1;104;5960;0;40;395;-1;3;101
1;105;4552;395;1448;543;-2;2;100
1;106;4552;395;1372;543;43;3;105
1;107;5924;395;76;543;-1;3;105
1;108;4552;938;1448;543;-2;2;100
1;109;4552;938;1372;543;44;3;108
1;110;5924;938;76;543;-1;3;108
1;111;4552;1481;1448;395;-2;2;100
1;112;4552;1481;203;395;-1;3;111
1;113;4755;1481;1205;395;147;3;111
1;114;5960;1481;40;395;-1;3;111
1;115;4552;1876;1448;543;-2;2;100
1;116;4552;1876;31;543;-1;3;115
1;117;4583;1876;1372;543;45;3;115
1;118;5955;1876;45;543;-1;3;115
1;119;4552;2419;1448;791;-2;2;100
1;120;4552;2419;623;791;-2;3;119
1;121;4552;2419;623;751;0;4;120
1;122;4552;3170;623;40;-1;4;120
1;123;5175;2419;796;791;-2;3;119
1;124;5175;2419;796;731;84;4;123
1;125;5175;3150;796;60;-1;4;123
1;126;5971;2419;29;791;-1;3;119
2;127;0;0;6000;3210;-2;0;
2;128;0;0;2526;3210;-2;1;127
2;129;0;0;2526;415;-2;2;128
2;130;0;0;1205;415;-2;3;129
2;131;0;0;1205;395;148;4;130
2;132;0;395;1205;20;-1;4;130
2;133;1205;0;1205;415;-2;3;129
2;134;1205;0;1205;395;149;4;133
2;135;1205;395;1205;20;-1;4;133
2;136;2410;0;116;415;-1;3;129
2;137;0;415;2526;2188;-2;2;128
2;138;0;415;842;2188;247;3;137
2;139;842;415;842;2188;248;3;137
2;140;1684;415;842;2188;249;3;137
2;141;0;2603;2526;607;-2;2;128
2;142;0;2603;916;607;-2;3;141
2;143;0;2603;916;75;-2;4;142
2;144;0;2678;916;532;85;4;142
2;145;916;2603;125;607;-1;3;141
2;146;1041;2603;1372;607;-2;3;141
2;147;1041;2603;1372;64;-1;4;146
2;148;1041;2667;1372;543;46;4;146
2;149;2413;2603;113;607;-1;3;141
2;150;2526;0;1398;3210;-2;1;127
2;151;2526;0;1398;1959;160;2;150
2;152;2526;1959;1398;543;-2;2;150
2;153;2526;1959;1372;543;47;3;152
2;154;3898;1959;26;543;-1;3;152
2;155;2526;2502;1398;708;-2;2;150
2;156;2526;2502;1228;708;-2;3;155
2;157;2526;2502;1228;108;-2;4;156
2;158;2526;2610;1228;600;19;4;156
2;159;3754;2502;170;708;-1;3;155
2;160;3924;0;922;3210;-2;1;127
2;161;3924;0;922;2144;102;2;160
2;162;3924;2144;922;1066;-2;2;160
2;163;3924;2144;887;1066;-2;3;162
2;164;3924;2144;887;1022;266;4;163
2;165;3924;3166;887;44;-1;4;163
2;166;4811;2144;35;1066;-1;3;162
2;167;4846;0;1086;3210;-2;1;127
2;168;4846;0;1086;871;-2;2;167
2;169;4846;0;1025;871;-2;3;168
2;170;4846;0;1025;851;202;4;169
2;171;4846;851;1025;20;-1;4;169
2;172;5871;0;61;871;-1;3;168
2;173;4846;871;1086;851;-2;2;167
2;174;4846;871;1025;851;203;3;173
2;175;5871;871;61;851;-1;3;173
2;176;4846;1722;1086;1488;-2;2;167
2;177;4846;1722;543;1488;-2;3;176
2;178;4846;1722;543;1372;48;4;177
2;179;4846;3094;543;116;-1;4;177
2;180;5389;1722;543;1488;-2;3;176
2;181;5389;1722;543;1372;49;4;180
2;182;5389;3094;543;116;-1;4;180
2;183;5932;0;68;3210;-1;1;127
3;184;0;0;6000;3210;-2;0;
3;185;0;0;3448;3210;-2;1;184
3;186;0;0;3448;2188;-2;2;185
3;187;0;0;842;2188;225;3;186
3;188;842;0;842;2188;226;3;186
3;189;1684;0;922;2188;-2;3;186
3;190;1684;0;922;44;-1;4;189
3;191;1684;44;922;2144;103;4;189
3;192;2606;0;842;2188;250;3;186
3;193;0;2188;3448;1022;-2;2;185
3;194;0;2188;887;1022;267;3;193
3;195;887;2188;571;1022;-2;3;193
3;196;887;2188;571;916;50;4;195
3;197;887;3104;571;106;-1;4;195
3;198;1458;2188;20;1022;-1;3;193
3;199;1478;2188;887;1022;268;3;193
3;200;2365;2188;1025;1022;-2;3;193
3;201;2365;2188;1025;851;204;4;200
3;202;2365;3039;1025;171;-1;4;200
3;203;3390;2188;58;1022;-1;3;193
3;204;3448;0;2526;3210;-2;1;184
3;205;3448;0;2526;2188;-2;2;204
3;206;3448;0;842;2188;227;3;205
3;207;4290;0;842;2188;251;3;205
3;208;5132;0;842;2188;252;3;205
3;209;3448;2188;2526;1022;-2;2;204
3;210;3448;2188;887;1022;269;3;209
3;211;4335;2188;887;1022;270;3;209
3;212;5222;2188;532;1022;-2;3;209
3;213;5222;2188;532;916;86;4;212
3;214;5222;3104;532;106;-1;4;212
3;215;5754;2188;220;1022;-1;3;209
3;216;5974;0;26;3210;-1;1;184
4;217;0;0;6000;3210;-2;0;
4;218;0;0;887;3210;-2;1;217
4;219;0;0;887;2188;-2;2;218
4;220;0;0;842;2188;253;3;219
4;221;842;0;45;2188;-1;3;219
4;222;0;2188;887;1022;271;2;218
4;223;887;0;2644;3210;-2;1;217
4;224;887;0;2644;726;-2;2;223
4;225;887;0;1322;726;150;3;224
4;226;2209;0;1322;726;151;3;224
4;227;887;726;2644;866;-2;2;223
4;228;887;726;508;866;104;3;227
4;229;1395;726;73;866;-1;3;227
4;230;1468;726;2015;866;-2;3;227
4;231;1468;726;2015;825;1;4;230
4;232;1468;1551;2015;41;-1;4;230
4;233;3483;726;48;866;-1;3;227
4;234;887;1592;2644;726;-2;2;223
4;235;887;1592;1322;726;152;3;234
4;236;2209;1592;1322;726;153;3;234
4;237;887;2318;2644;892;-2;2;223
4;238;887;2318;2105;892;-2;3;237
4;239;887;2318;2105;45;-2;4;238
4;240;887;2363;2105;847;228;4;238
4;241;2992;2318;508;892;-2;3;237
4;242;2992;2318;508;866;105;4;241
4;243;2992;3184;508;26;-1;4;241
4;244;3500;2318;31;892;-1;3;237
4;245;3531;0;887;3210;-2;1;217
4;246;3531;0;887;2188;-2;2;245
4;247;3531;0;842;2188;254;3;246
4;248;4373;0;45;2188;-1;3;246
4;249;3531;2188;887;1022;272;2;245
4;250;4418;0;871;3210;-2;1;217
4;251;4418;0;871;2105;-2;2;250
4;252;4418;0;847;2105;229;3;251
4;253;5265;0;24;2105;-1;3;251
4;254;4418;2105;871;1105;-2;2;250
4;255;4418;2105;851;1105;-2;3;254
4;256;4418;2105;851;1025;205;4;255
4;257;4418;3130;851;80;-1;4;255
4;258;5269;2105;20;1105;-1;3;254
4;259;5289;0;711;3210;-2;1;217
4;260;5289;0;711;1952;154;2;259
4;261;5289;1952;711;1258;-2;2;259
4;262;5289;1952;600;1258;-2;3;261
4;263;5289;1952;600;1228;20;4;262
4;264;5289;3180;600;30;-1;4;262
4;265;5889;1952;111;1258;-1;3;261
5;266;0;0;6000;3210;-2;0;
5;267;0;0;2526;3210;-2;1;266
5;268;0;0;2526;2188;-2;2;267
5;269;0;0;842;2188;255;3;268
5;270;842;0;842;2188;256;3;268
5;271;1684;0;842;2188;257;3;268
5;272;0;2188;2526;1022;-2;2;267
5;273;0;2188;887;1022;273;3;272
5;274;887;2188;682;1022;-2;3;272
5;275;887;2188;682;916;87;4;274
5;276;887;3104;682;106;-1;4;274
5;277;1569;2188;892;1022;-2;3;272
5;278;1569;2188;892;973;51;4;277
5;279;1569;3161;892;49;-1;4;277
5;280;2461;2188;65;1022;-1;3;272
5;281;2526;0;754;3210;-2;1;266
5;282;2526;0;754;1016;-2;2;281
5;283;2526;0;721;1016;60;3;282
5;284;3247;0;33;1016;-1;3;282
5;285;2526;1016;754;1228;-2;2;281
5;286;2526;1016;600;1228;21;3;285
5;287;3126;1016;154;1228;-1;3;285
5;288;2526;2244;754;966;-2;2;281
5;289;2526;2244;734;966;-2;3;288
5;290;2526;2244;734;734;2;4;289
5;291;2526;2978;734;232;-1;4;289
5;292;3260;2244;20;966;-1;3;288
5;293;3280;0;880;3210;-2;1;266
5;294;3280;0;880;2105;-2;2;293
5;295;3280;0;33;2105;-1;3;294
5;296;3313;0;847;2105;230;3;294
5;297;3280;2105;880;1105;-2;2;293
5;298;3280;2105;851;1105;-2;3;297
5;299;3280;2105;851;1025;206;4;298
5;300;3280;3130;851;80;-1;4;298
5;301;4131;2105;29;1105;-1;3;297
5;302;4160;0;1812;3210;-2;1;266
5;303;4160;0;1812;2041;-2;2;302
5;304;4160;0;1177;2041;181;3;303
5;305;5337;0;635;2041;-2;3;303
5;306;5337;0;635;1907;3;4;305
5;307;5337;1907;635;134;-1;4;305
5;308;4160;2041;1812;600;-2;2;302
5;309;4160;2041;1228;600;22;3;308
5;310;5388;2041;75;600;-1;3;308
5;311;5463;2041;375;600;-2;3;308
5;312;5463;2041;375;388;52;4;311
5;313;5463;2429;375;212;-1;4;311
5;314;5838;2041;134;600;-1;3;308
5;315;4160;2641;1812;569;-2;2;302
5;316;4160;2641;866;569;-2;3;315
5;317;4160;2641;866;61;-2;4;316
5;318;4160;2702;866;508;106;4;316
5;319;5026;2641;866;569;-2;3;315
5;320;5026;2641;866;61;-1;4;319
5;321;5026;2702;866;508;107;4;319
5;322;5892;2641;80;569;-1;3;315
5;323;5972;0;28;3210;-1;1;266
6;324;0;0;6000;3210;-2;0;
6;325;0;0;2641;3210;-2;1;324
6;326;0;0;2641;2105;-2;2;325
6;327;0;0;847;2105;231;3;326
6;328;847;0;847;2105;232;3;326
6;329;1694;0;847;2105;233;3;326
6;330;2541;0;100;2105;-1;3;326
6;331;0;2105;2641;1105;-2;2;325
6;332;0;2105;1790;1105;-2;3;331
6;333;0;2105;1790;1070;4;4;332
6;334;0;3175;1790;35;-1;4;332
6;335;1790;2105;851;1105;-2;3;331
6;336;1790;2105;851;1025;207;4;335
6;337;1790;3130;851;80;-1;4;335
6;338;2641;0;1136;3210;-2;1;324
6;339;2641;0;1136;375;-2;2;338
6;340;2641;0;148;375;-1;3;339
6;341;2789;0;388;375;53;3;339
6;342;3177;0;110;375;-1;3;339
6;343;3287;0;388;375;54;3;339
6;344;3675;0;102;375;-1;3;339
6;345;2641;375;1136;1961;-2;2;338
6;346;2641;375;1115;1961;118;3;345
6;347;3756;375;21;1961;-1;3;345
6;348;2641;2336;1136;874;-2;2;338
6;349;2641;2336;1116;874;-2;3;348
6;350;2641;2336;1116;53;-2;4;349
6;351;2641;2389;1116;821;61;4;349
6;352;3757;2336;20;874;-1;3;348
6;353;3777;0;2188;3210;-2;1;324
6;354;3777;0;2188;842;258;2;353
6;355;3777;842;2188;802;-2;2;353
6;356;3777;842;2010;802;5;3;355
6;357;5787;842;178;802;-1;3;355
6;358;3777;1644;2188;681;-2;2;353
6;359;3777;1644;2153;681;23;3;358
6;360;5930;1644;35;681;-1;3;358
6;361;3777;2325;2188;885;-2;2;353
6;362;3777;2325;2105;885;-2;3;361
6;363;3777;2325;2105;847;234;4;362
6;364;3777;3172;2105;38;-1;4;362
6;365;5882;2325;83;885;-1;3;361
6;366;5965;0;35;3210;-1;1;324
7;367;0;0;6000;3210;-2;0;
7;368;0;0;871;3210;-2;1;367
7;369;0;0;871;2105;-2;2;368
7;370;0;0;847;2105;235;3;369
7;371;847;0;24;2105;-1;3;369
7;372;0;2105;871;1105;-2;2;368
7;373;0;2105;851;1105;-2;3;372
7;374;0;2105;851;1025;208;4;373
7;375;0;3130;851;80;-1;4;373
7;376;851;2105;20;1105;-1;3;372
7;377;871;0;851;3210;-2;1;367
7;378;871;0;851;916;-2;2;377
7;379;871;0;682;916;88;3;378
7;380;1553;0;169;916;-1;3;378
7;381;871;916;851;1246;-2;2;377
7;382;871;916;731;1246;89;3;381
7;383;1602;916;120;1246;-1;3;381
7;384;871;2162;851;1025;209;2;377
7;385;871;3187;851;23;-1;2;377
7;386;1722;0;2116;3210;-2;1;367
7;387;1722;0;2116;1021;119;2;386
7;388;1722;1021;2116;1021;120;2;386
7;389;1722;2042;2116;1168;-2;2;386
7;390;1722;2042;1435;1168;-2;3;389
7;391;1722;2042;1435;1140;6;4;390
7;392;1722;3182;1435;28;-1;4;390
7;393;3157;2042;600;1168;-2;3;389
7;394;3157;2042;600;988;55;4;393
7;395;3157;3030;600;180;-1;4;393
7;396;3757;2042;81;1168;-1;3;389
7;397;3838;0;2116;3210;-2;1;367
7;398;3838;0;2116;1398;-2;2;397
7;399;3838;0;111;1398;-1;3;398
7;400;3949;0;1959;1398;161;3;398
7;401;5908;0;46;1398;-1;3;398
7;402;3838;1398;2116;1021;121;2;397
7;403;3838;2419;2116;791;-2;2;397
7;404;3838;2419;319;791;-2;3;403
7;405;3838;2419;319;764;7;4;404
7;406;3838;3183;319;27;-1;4;404
7;407;4157;2419;1723;791;-2;3;403
7;408;4157;2419;1723;764;8;4;407
7;409;4157;3183;1723;27;-1;4;407
7;410;5880;2419;74;791;-1;3;403
7;411;5954;0;46;3210;-1;1;367
8;412;0;0;6000;3210;-2;0;
8;413;0;0;1959;3210;-2;1;412
8;414;0;0;1959;1398;162;2;413
8;415;0;1398;1959;376;-2;2;413
8;416;0;1398;154;376;-1;3;415
8;417;154;1398;751;376;9;3;415
8;418;905;1398;751;376;10;3;415
8;419;1656;1398;303;376;-1;3;415
8;420;0;1774;1959;1398;163;2;413
8;421;0;3172;1959;38;-1;2;413
8;422;1959;0;873;3210;-2;1;412
8;423;1959;0;873;706;-2;2;422
8;424;1959;0;836;706;-2;3;423
8;425;1959;0;836;515;164;4;424
8;426;1959;515;836;191;-1;4;424
8;427;2795;0;37;706;-1;3;423
8;428;1959;706;873;515;-2;2;422
8;429;1959;706;836;515;165;3;428
8;430;2795;706;37;515;-1;3;428
8;431;1959;1221;873;1937;11;2;422
8;432;1959;3158;873;52;-1;2;422
8;433;2832;0;871;3210;-2;1;412
8;434;2832;0;871;2105;-2;2;433
8;435;2832;0;847;2105;236;3;434
8;436;3679;0;24;2105;-1;3;434
8;437;2832;2105;871;1105;-2;2;433
8;438;2832;2105;851;1105;-2;3;437
8;439;2832;2105;851;1025;210;4;438
8;440;2832;3130;851;80;-1;4;438
8;441;3683;2105;20;1105;-1;3;437
8;442;3703;0;2261;3210;-2;1;412
8;443;3703;0;2261;867;-2;2;442
8;444;3703;0;2238;867;211;3;443
8;445;5941;0;23;867;-1;3;443
8;446;3703;867;2261;867;-2;2;442
8;447;3703;867;2238;867;212;3;446
8;448;5941;867;23;867;-1;3;446
8;449;3703;1734;2261;867;-2;2;442
8;450;3703;1734;2238;867;213;3;449
8;451;5941;1734;23;867;-1;3;449
8;452;3703;2601;2261;609;-2;2;442
8;453;3703;2601;937;609;-2;3;452
8;454;3703;2601;937;42;-2;4;453
8;455;3703;2643;937;567;12;4;453
8;456;4640;2601;1304;609;-2;3;452
8;457;4640;2601;1304;24;-1;4;456
8;458;4640;2625;1304;585;13;4;456
8;459;5944;2601;20;609;-1;3;452
8;460;5964;0;36;3210;-1;1;412
9;461;0;0;6000;3210;-2;0;
9;462;0;0;2105;3210;-2;1;461
9;463;0;0;2105;847;237;2;462
9;464;0;847;2105;1177;-2;2;462
9;465;0;847;2041;1177;182;3;464
9;466;2041;847;64;1177;-1;3;464
9;467;0;2024;2105;1064;-2;2;462
9;468;0;2024;2085;1064;-2;3;467
9;469;0;2024;2085;54;-2;4;468
9;470;0;2078;2085;1010;192;4;468
9;471;2085;2024;20;1064;-1;3;467
9;472;0;3088;2105;122;-1;2;462
9;473;2105;0;867;3210;-2;1;461
9;474;2105;0;867;2238;214;2;473
9;475;2105;2238;867;972;-2;2;473
9;476;2105;2238;742;972;-2;3;475
9;477;2105;2238;742;919;122;4;476
9;478;2105;3157;742;53;-1;4;476
9;479;2847;2238;125;972;-1;3;475
9;480;2972;0;2083;3210;-2;1;461
9;481;2972;0;2083;711;-2;2;480
9;482;2972;0;1952;711;155;3;481
9;483;4924;0;131;711;-1;3;481
9;484;2972;711;2083;1282;-2;2;480
9;485;2972;711;2025;1282;193;3;484
9;486;4997;711;58;1282;-1;3;484
9;487;2972;1993;2083;1217;-2;2;480
9;488;2972;1993;42;1217;-1;3;487
9;489;3014;1993;2041;1217;-2;3;487
9;490;3014;1993;2041;1177;183;4;489
9;491;3014;3170;2041;40;-1;4;489
9;492;5055;0;919;3210;-2;1;461
9;493;5055;0;919;742;123;2;492
9;494;5055;742;919;742;124;2;492
9;495;5055;1484;919;537;-2;2;492
9;496;5055;1484;880;537;14;3;495
9;497;5935;1484;39;537;-1;3;495
9;498;5055;2021;919;1189;-2;2;492
9;499;5055;2021;831;1189;-2;3;498
9;500;5055;2021;831;1141;24;4;499
9;501;5055;3162;831;48;-1;4;499
9;502;5886;2021;88;1189;-1;3;498
9;503;5974;0;26;3210;-1;1;461
10;504;0;0;6000;3210;-2;0;
10;505;0;0;867;3210;-2;1;504
10;506;0;0;867;2238;215;2;505
10;507;0;2238;867;972;-2;2;505
10;508;0;2238;742;972;-2;3;507
10;509;0;2238;742;919;125;4;508
10;510;0;3157;742;53;-1;4;508
10;511;742;2238;125;972;-1;3;507
10;512;867;0;2041;3210;-2;1;504
10;513;867;0;2041;1177;184;2;512
10;514;867;1177;2041;742;-2;2;512
10;515;867;1177;919;742;126;3;514
10;516;1786;1177;160;742;-1;3;514
10;517;1946;1177;919;742;127;3;514
10;518;2865;1177;43;742;-1;3;514
10;519;867;1919;2041;1230;185;2;512
10;520;867;3149;2041;61;-1;2;512
10;521;2908;0;867;3210;-2;1;504
10;522;2908;0;867;2238;216;2;521
10;523;2908;2238;867;972;-2;2;521
10;524;2908;2238;806;972;-2;3;523
10;525;2908;2238;806;898;156;4;524
10;526;2908;3136;806;74;-1;4;524
10;527;3714;2238;61;972;-1;3;523
10;528;3775;0;842;3210;-2;1;504
10;529;3775;0;842;1022;-2;2;528
10;530;3775;0;806;1022;-2;3;529
10;531;3775;0;806;898;157;4;530
10;532;3775;898;806;124;-1;4;530
10;533;4581;0;36;1022;-1;3;529
10;534;3775;1022;842;2188;259;2;528
10;535;4617;0;1383;3210;-2;1;504
10;536;4617;0;1383;821;-2;2;535
10;537;4617;0;1116;821;62;3;536
10;538;5733;0;267;821;-1;3;536
10;539;4617;821;1383;811;-2;2;535
10;540;4617;821;1246;811;90;3;539
10;541;5863;821;137;811;-1;3;539
10;542;4617;1632;1383;691;-2;2;535
10;543;4617;1632;1266;691;91;3;542
10;544;5883;1632;117;691;-1;3;542
10;545;4617;2323;1383;887;-2;2;535
10;546;4617;2323;772;887;-2;3;545
10;547;4617;2323;772;861;63;4;546
10;548;4617;3184;772;26;-1;4;546
10;549;5389;2323;611;887;-2;3;545
10;550;5389;2323;611;266;-1;4;549
10;551;5389;2589;611;621;25;4;549
11;552;0;0;6000;3210;-2;0;
11;553;0;0;1734;3210;-2;1;552
11;554;0;0;1734;2238;-2;2;553
11;555;0;0;867;2238;217;3;554
11;556;867;0;867;2238;218;3;554
11;557;0;2238;1734;740;-2;2;553
11;558;0;2238;1640;740;64;3;557
11;559;1640;2238;94;740;-1;3;557
11;560;0;2978;1734;232;-2;2;553
11;561;0;2978;1444;232;-2;3;560
11;562;0;2978;1444;203;26;4;561
11;563;0;3181;1444;29;-1;4;561
11;564;1444;2978;290;232;-1;3;560
11;565;1734;0;883;3210;-2;1;552
11;566;1734;0;883;988;-2;2;565
11;567;1734;0;600;988;56;3;566
11;568;2334;0;283;988;-1;3;566
11;569;1734;988;883;2222;-2;2;565
11;570;1734;988;36;2222;-1;3;569
11;571;1770;988;847;2222;-2;3;569
11;572;1770;988;847;2105;238;4;571
11;573;1770;3093;847;117;-1;4;571
11;574;2617;0;3345;3210;-2;1;552
11;575;2617;0;3345;1936;-2;2;574
11;576;2617;0;1115;1936;166;3;575
11;577;3732;0;1115;1936;167;3;575
11;578;4847;0;1115;1936;168;3;575
11;579;2617;1936;3345;1274;-2;2;574
11;580;2617;1936;2041;1274;-2;3;579
11;581;2617;1936;2041;1230;186;4;580
11;582;2617;3166;2041;44;-1;4;580
11;583;4658;1936;600;1274;-2;3;579
11;584;4658;1936;600;1228;57;4;583
11;585;4658;3164;600;46;-1;4;583
11;586;5258;1936;596;1274;-2;3;579
11;587;5258;1936;596;650;15;4;586
11;588;5258;2586;596;624;-1;4;586
11;589;5854;1936;108;1274;-1;3;579
11;590;5962;0;38;3210;-1;1;552
12;591;0;0;6000;3210;-2;0;
12;592;0;0;1401;3210;-2;1;591
12;593;0;0;1401;1440;108;2;592
12;594;0;1440;1401;1440;109;2;592
12;595;0;2880;1401;330;-2;2;592
12;596;0;2880;1166;330;-2;3;595
12;597;0;2880;1166;84;-2;4;596
12;598;0;2964;1166;246;16;4;596
12;599;1166;2880;235;330;-1;3;595
12;600;1401;0;2238;3210;-2;1;591
12;601;1401;0;2238;867;219;2;600
12;602;1401;867;2238;867;220;2;600
12;603;1401;1734;2238;867;221;2;600
12;604;1401;2601;2238;609;-2;2;600
12;605;1401;2601;1358;609;-2;3;604
12;606;1401;2601;1358;484;187;4;605
12;607;1401;3085;1358;125;-1;4;605
12;608;2759;2601;794;609;-2;3;604
12;609;2759;2601;794;480;222;4;608
12;610;2759;3081;794;129;-1;4;608
12;611;3553;2601;86;609;-1;3;604
12;612;3639;0;871;3210;-2;1;591
12;613;3639;0;871;2105;-2;2;612
12;614;3639;0;847;2105;239;3;613
12;615;4486;0;24;2105;-1;3;613
12;616;3639;2105;871;1105;-2;2;612
12;617;3639;2105;851;1105;-2;3;616
12;618;3639;2105;851;1025;223;4;617
12;619;3639;3130;851;80;-1;4;617
12;620;4490;2105;20;1105;-1;3;616
12;621;4510;0;1444;3210;-2;1;591
12;622;4510;0;1444;1276;-2;2;621
12;623;4510;0;691;1276;92;3;622
12;624;5201;0;34;1276;-1;3;622
12;625;5235;0;691;1276;93;3;622
12;626;5926;0;28;1276;-1;3;622
12;627;4510;1276;1444;484;-2;2;621
12;628;4510;1276;1358;484;188;3;627
12;629;5868;1276;86;484;-1;3;627
12;630;4510;1760;1444;946;27;2;621
12;631;4510;2706;1444;504;-2;2;621
12;632;4510;2706;1358;504;-2;3;631
12;633;4510;2706;1358;484;189;4;632
12;634;4510;3190;1358;20;-1;4;632
12;635;5868;2706;86;504;-1;3;631
12;636;5954;0;46;3210;-1;1;591
13;637;0;0;6000;3210;-2;0;
13;638;0;0;1684;3210;-2;1;637
13;639;0;0;1684;2188;-2;2;638
13;640;0;0;842;2188;260;3;639
13;641;842;0;842;2188;261;3;639
13;642;0;2188;1684;702;-2;2;638
13;643;0;2188;1629;702;94;3;642
13;644;1629;2188;55;702;-1;3;642
13;645;0;2890;1684;320;-2;2;638
13;646;0;2890;1497;320;-2;3;645
13;647;0;2890;1497;240;28;4;646
13;648;0;3130;1497;80;-1;4;646
13;649;1497;2890;187;320;-1;3;645
13;650;1684;0;871;3210;-2;1;637
13;651;1684;0;871;24;-1;2;650
13;652;1684;24;871;2105;-2;2;650
13;653;1684;24;847;2105;240;3;652
13;654;2531;24;24;2105;-1;3;652
13;655;1684;2129;871;1081;-2;2;650
13;656;1684;2129;851;1081;-2;3;655
13;657;1684;2129;851;1025;241;4;656
13;658;1684;3154;851;56;-1;4;656
13;659;2535;2129;20;1081;-1;3;655
13;660;2555;0;3376;3210;-2;1;637
13;661;2555;0;3376;1936;-2;2;660
13;662;2555;0;1115;1936;169;3;661
13;663;3670;0;31;1936;-1;3;661
13;664;3701;0;1115;1936;170;3;661
13;665;4816;0;1115;1936;171;3;661
13;666;2555;1936;3376;740;-2;2;660
13;667;2555;1936;1640;740;65;3;666
13;668;4195;1936;1640;740;66;3;666
13;669;5835;1936;96;740;-1;3;666
13;670;2555;2676;3376;534;-2;2;660
13;671;2555;2676;461;534;-2;3;670
13;672;2555;2676;461;461;29;4;671
13;673;2555;3137;461;73;-1;4;671
13;674;3016;2676;461;534;-2;3;670
13;675;3016;2676;461;461;30;4;674
13;676;3016;3137;461;73;-1;4;674
13;677;3477;2676;20;534;-1;3;670
13;678;3497;2676;1756;534;-2;3;670
13;679;3497;2676;1756;508;17;4;678
13;680;3497;3184;1756;26;-1;4;678
13;681;5253;2676;531;534;-2;3;670
13;682;5253;2676;531;501;67;4;681
13;683;5253;3177;531;33;-1;4;681
13;684;5784;2676;147;534;-1;3;670
13;685;5931;0;69;3210;-1;1;637
14;686;0;0;6000;3210;-2;0;
14;687;0;0;1984;3210;-2;1;686
14;688;0;0;1984;2025;-2;2;687
14;689;0;0;1282;2025;194;3;688
14;690;1282;0;702;2025;-2;3;688
14;691;1282;0;702;396;-1;4;690
14;692;1282;396;702;1629;95;4;690
14;693;0;2025;1984;1185;-2;2;687
14;694;0;2025;1961;1185;-2;3;693
14;695;0;2025;1961;1115;158;4;694
14;696;0;3140;1961;70;-1;4;694
14;697;1961;2025;23;1185;-1;3;693
14;698;1984;0;2050;3210;-2;1;686
14;699;1984;0;2050;851;-2;2;698
14;700;1984;0;1025;851;242;3;699
14;701;3009;0;1025;851;243;3;699
14;702;1984;851;2050;1282;-2;2;698
14;703;1984;851;2025;1282;195;3;702
14;704;4009;851;25;1282;-1;3;702
14;705;1984;2133;2050;1077;-2;2;698
14;706;1984;2133;1929;1077;-2;3;705
14;707;1984;2133;1929;1039;128;4;706
14;708;1984;3172;1929;38;-1;4;706
14;709;3913;2133;121;1077;-1;3;705
14;710;4034;0;1966;3210;-2;1;686
14;711;4034;0;1966;1065;-2;2;710
14;712;4034;0;1916;1065;110;3;711
14;713;5950;0;50;1065;-1;3;711
14;714;4034;1065;1966;1065;-2;2;710
14;715;4034;1065;1916;1065;111;3;714
14;716;5950;1065;50;1065;-1;3;714
14;717;4034;2130;1966;1080;-2;2;710
14;718;4034;2130;1929;1080;-2;3;717
14;719;4034;2130;1929;1039;129;4;718
14;720;4034;3169;1929;41;-1;4;718
14;721;5963;2130;37;1080;-1;3;717
15;722;0;0;6000;3210;-2;0;
15;723;0;0;2188;3210;-2;1;722
15;724;0;0;2188;842;262;2;723
15;725;0;842;2188;794;-2;2;723
15;726;0;842;1634;794;-2;3;725
15;727;0;842;1634;773;96;4;726
15;728;0;1615;1634;21;-1;4;726
15;729;1634;842;178;794;-1;3;725
15;730;1812;842;339;794;-2;3;725
15;731;1812;842;339;774;97;4;730
15;732;1812;1616;339;20;-1;4;730
15;733;2151;842;37;794;-1;3;725
15;734;0;1636;2188;787;-2;2;723
15;735;0;1636;2043;787;112;3;734
15;736;2043;1636;145;787;-1;3;734
15;737;0;2423;2188;787;-2;2;723
15;738;0;2423;34;787;-1;3;737
15;739;34;2423;2043;787;113;3;737
15;740;2077;2423;111;787;-1;3;737
15;741;2188;0;2025;3210;-2;1;722
15;742;2188;0;2025;1326;196;2;741
15;743;2188;1326;2025;1039;-2;2;741
15;744;2188;1326;1929;1039;130;3;743
15;745;4117;1326;96;1039;-1;3;743
15;746;2188;2365;2025;845;-2;2;741
15;747;2188;2365;675;845;-2;3;746
15;748;2188;2365;675;810;172;4;747
15;749;2188;3175;675;35;-1;4;747
15;750;2863;2365;675;845;-2;3;746
15;751;2863;2365;675;810;173;4;750
15;752;2863;3175;675;35;-1;4;750
15;753;3538;2365;675;845;-2;3;746
15;754;3538;2365;675;810;174;4;753
15;755;3538;3175;675;35;-1;4;753
15;756;4213;0;1751;3210;-2;1;722
15;757;4213;0;1751;2188;-2;2;756
15;758;4213;0;38;2188;-1;3;757
15;759;4251;0;842;2188;263;3;757
15;760;5093;0;842;2188;264;3;757
15;761;5935;0;29;2188;-1;3;757
15;762;4213;2188;1751;1022;-2;2;756
15;763;4213;2188;461;1022;-2;3;762
15;764;4213;2188;461;823;31;4;763
15;765;4213;3011;461;199;-1;4;763
15;766;4674;2188;1270;1022;-2;3;762
15;767;4674;2188;1270;940;114;4;766
15;768;4674;3128;1270;82;-1;4;766
15;769;5944;2188;20;1022;-1;3;762
15;770;5964;0;36;3210;-1;1;722
16;771;0;0;6000;3210;-2;0;
16;772;0;0;2025;3210;-2;1;771
16;773;0;0;2025;1326;197;2;772
16;774;0;1326;2025;501;-2;2;772
16;775;0;1326;531;501;68;3;774
16;776;531;1326;230;501;-1;3;774
16;777;761;1326;823;501;-2;3;774
16;778;761;1326;823;461;32;4;777
16;779;761;1787;823;40;-1;4;777
16;780;1584;1326;441;501;-1;3;774
16;781;0;1827;2025;1326;198;2;772
16;782;0;3153;2025;57;-1;2;772
16;783;2025;0;2025;3210;-2;1;771
16;784;2025;0;2025;1326;199;2;783
16;785;2025;1326;2025;1039;-2;2;783
16;786;2025;1326;1929;1039;131;3;785
16;787;3954;1326;96;1039;-1;3;785
16;788;2025;2365;2025;387;-2;2;783
16;789;2025;2365;1797;387;33;3;788
16;790;3822;2365;228;387;-1;3;788
16;791;2025;2752;2025;458;-2;2;783
16;792;2025;2752;1797;458;-2;3;791
16;793;2025;2752;1797;387;34;4;792
16;794;2025;3139;1797;71;-1;4;792
16;795;3822;2752;228;458;-1;3;791
16;796;4050;0;964;3210;-2;1;771
16;797;4050;0;964;1800;132;2;796
16;798;4050;1800;964;1410;-2;2;796
16;799;4050;1800;940;1410;-2;3;798
16;800;4050;1800;940;1270;115;4;799
16;801;4050;3070;940;140;-1;4;799
16;802;4990;1800;24;1410;-1;3;798
16;803;5014;0;964;3210;-2;1;771
16;804;5014;0;964;102;-1;2;803
16;805;5014;102;964;1800;133;2;803
16;806;5014;1902;964;1308;-2;2;803
16;807;5014;1902;940;1308;-2;3;806
16;808;5014;1902;940;1270;116;4;807
16;809;5014;3172;940;38;-1;4;807
16;810;5954;1902;24;1308;-1;3;806
16;811;5978;0;22;3210;-1;1;771
17;812;0;0;6000;3210;-2;0;
17;813;0;0;897;3210;-2;1;812
17;814;0;0;897;1894;134;2;813
17;815;0;1894;897;675;-2;2;813
17;816;0;1894;810;675;175;3;815
17;817;810;1894;87;675;-1;3;815
17;818;0;2569;897;641;-2;2;813
17;819;0;2569;661;641;69;3;818
17;820;661;2569;236;641;-1;3;818
17;821;897;0;1457;3210;-2;1;812
17;822;897;0;1457;611;-2;2;821
17;823;897;0;1358;611;-2;3;822
17;824;897;0;1358;484;190;4;823
17;825;897;484;1358;127;-1;4;823
17;826;2255;0;99;611;-1;3;822
17;827;897;611;1457;1267;200;2;821
17;828;897;1878;1457;1267;201;2;821
17;829;897;3145;1457;65;-1;2;821
17;830;2354;0;897;3210;-2;1;812
17;831;2354;0;897;850;-2;2;830
17;832;2354;0;46;850;-1;3;831
17;833;2400;0;810;850;176;3;831
17;834;3210;0;41;850;-1;3;831
17;835;2354;850;897;1894;135;2;830
17;836;2354;2744;897;466;-1;2;830
17;837;3251;0;1952;3210;-2;1;812
17;838;3251;0;1952;831;136;2;837
17;839;3251;831;1952;810;-2;2;837
17;840;3251;831;850;810;177;3;839
17;841;4101;831;232;810;-1;3;839
17;842;4333;831;850;810;178;3;839
17;843;5183;831;20;810;-1;3;839
17;844;3251;1641;1952;681;-2;2;837
17;845;3251;1641;1781;681;117;3;844
17;846;5032;1641;171;681;-1;3;844
17;847;3251;2322;1952;831;137;2;837
17;848;3251;3153;1952;57;-1;2;837
17;849;5203;0;771;3210;-2;1;812
17;850;5203;0;771;1797;-2;2;849
17;851;5203;0;751;1797;35;3;850
17;852;5954;0;20;1797;-1;3;850
17;853;5203;1797;771;1413;-2;2;849
17;854;5203;1797;742;1413;-2;3;853
17;855;5203;1797;742;919;138;4;854
17;856;5203;2716;742;494;-1;4;854
17;857;5945;1797;29;1413;-1;3;853
17;858;5974;0;26;3210;-1;1;812
18;859;0;0;6000;3210;-2;0;
18;860;0;0;861;3210;-2;1;859
18;861;0;0;861;1797;-2;2;860
18;862;0;0;751;1797;36;3;861
18;863;751;0;110;1797;-1;3;861
18;864;0;1797;861;721;-2;2;860
18;865;0;1797;656;721;70;3;864
18;866;656;1797;205;721;-1;3;864
18;867;0;2518;861;671;71;2;860
18;868;0;3189;861;21;-1;2;860
18;869;861;0;1652;3210;-2;1;859
18;870;861;0;1652;687;-2;2;869
18;871;861;0;178;687;-1;3;870
18;872;1039;0;996;687;72;3;870
18;873;2035;0;478;687;-1;3;870
18;874;861;687;1652;2523;-2;2;869
18;875;861;687;954;2523;-2;3;874
18;876;861;687;954;2464;37;4;875
18;877;861;3151;954;59;-1;4;875
18;878;1815;687;698;2523;-2;3;874
18;879;1815;687;698;1959;191;4;878
18;880;1815;2646;698;564;-1;4;878
18;881;2513;0;1106;3210;-2;1;859
18;882;2513;0;1106;687;-2;2;881
18;883;2513;0;996;687;73;3;882
18;884;3509;0;110;687;-1;3;882
18;885;2513;687;1106;701;-2;2;881
18;886;2513;687;1026;701;74;3;885
18;887;3539;687;80;701;-1;3;885
18;888;2513;1388;1106;1056;-2;2;881
18;889;2513;1388;527;1056;75;3;888
18;890;3040;1388;527;1056;76;3;888
18;891;3567;1388;52;1056;-1;3;888
18;892;2513;2444;1106;701;77;2;881
18;893;2513;3145;1106;65;-1;2;881
18;894;3619;0;2381;3210;-3;1;859
