PLATE_ID;NODE_ID;X;Y;WIDTH;HEIGHT;TYPE;CUT;PARENT
0;0;0;0;6000;3210;-2;0;
0;1;0;0;1674;3210;-2;1;0
0;2;0;0;1674;1964;-2;2;1
0;3;0;0;558;1964;79;3;2
0;4;558;0;558;1964;80;3;2
0;5;1116;0;558;1964;81;3;2
0;6;0;1964;1674;381;-2;2;1
0;7;0;1964;1653;381;326;3;6
0;8;1653;1964;21;381;-1;3;6
0;9;0;2345;1674;455;-2;2;1
0;10;0;2345;1174;455;218;3;9
0;11;1174;2345;475;455;-2;3;9
0;12;1174;2345;475;101;-1;4;11
0;13;1174;2446;475;354;155;4;11
0;14;1649;2345;25;455;-1;3;9
0;15;0;2800;1674;410;-2;2;1
0;16;0;2800;1653;410;-2;3;15
0;17;0;2800;1653;381;327;4;16
0;18;0;3181;1653;29;-1;4;16
0;19;1653;2800;21;410;-1;3;15
0;20;1674;0;2116;3210;-2;1;0
0;21;1674;0;2116;745;-2;2;20
0;22;1674;0;2059;745;104;3;21
0;23;3733;0;57;745;-1;3;21
0;24;1674;745;2116;606;-2;2;20
0;25;1674;745;1927;606;51;3;24
0;26;3601;745;189;606;-1;3;24
0;27;1674;1351;2116;1859;-2;2;20
0;28;1674;1351;581;1859;-2;3;27
0;29;1674;1351;581;1811;404;4;28
0;30;1674;3162;581;48;-1;4;28
0;31;2255;1351;581;1859;-2;3;27
0;32;2255;1351;581;1811;405;4;31
0;33;2255;3162;581;48;-1;4;31
0;34;2836;1351;373;1859;-2;3;27
0;35;2836;1351;373;302;-1;4;34
0;36;2836;1653;373;1557;276;4;34
0;37;3209;1351;581;1859;-2;3;27
0;38;3209;1351;581;1811;406;4;37
0;39;3209;3162;581;48;-1;4;37
0;40;3790;0;2168;3210;-2;1;0
0;41;3790;0;2168;455;-2;2;40
0;42;3790;0;1074;455;219;3;41
0;43;4864;0;1074;455;220;3;41
0;44;5938;0;20;455;-1;3;41
0;45;3790;455;2168;1678;-2;2;40
0;46;3790;455;459;1678;301;3;45
0;47;4249;455;459;1678;302;3;45
0;48;4708;455;459;1678;303;3;45
0;49;5167;455;381;1678;-2;3;45
0;50;5167;455;381;1653;328;4;49
0;51;5167;2108;381;25;-1;4;49
0;52;5548;455;381;1678;-2;3;45
0;53;5548;455;381;1653;329;4;52
0;54;5548;2108;381;25;-1;4;52
0;55;5929;455;29;1678;-1;3;45
0;56;3790;2133;2168;600;-2;2;40
0;57;3790;2133;1396;600;130;3;56
0;58;5186;2133;659;600;-2;3;56
0;59;5186;2133;659;182;-1;4;58
0;60;5186;2315;659;418;131;4;58
0;61;5845;2133;113;600;-1;3;56
0;62;3790;2733;2168;477;-2;2;40
0;63;3790;2733;1074;477;-2;3;62
0;64;3790;2733;1074;455;221;4;63
0;65;3790;3188;1074;22;-1;4;63
0;66;4864;2733;1074;477;-2;3;62
0;67;4864;2733;1074;455;222;4;66
0;68;4864;3188;1074;22;-1;4;66
0;69;5938;2733;20;477;-1;3;62
0;70;5958;0;42;3210;-1;1;0
1;71;0;0;6000;3210;-2;0;
1;72;0;0;558;3210;-2;1;71
1;73;0;0;558;1246;-2;2;72
1;74;0;0;500;1246;-2;3;73
1;75;0;0;500;1000;351;4;74
1;76;0;1000;500;246;-1;4;74
1;77;500;0;58;1246;-1;3;73
1;78;0;1246;558;1964;82;2;72
1;79;558;0;1162;3210;-2;1;71
1;80;558;0;1162;493;-2;2;79
1;81;558;0;1140;493;105;3;80
1;82;1698;0;22;493;-1;3;80
1;83;558;493;1162;493;-2;2;79
1;84;558;493;1140;493;106;3;83
1;85;1698;493;22;493;-1;3;83
1;86;558;986;1162;1811;-2;2;79
1;87;558;986;581;1811;407;3;86
1;88;1139;986;581;1811;408;3;86
1;89;558;2797;1162;413;-2;2;79
1;90;558;2797;577;413;-2;3;89
1;91;558;2797;577;213;223;4;90
1;92;558;3010;577;200;-1;4;90
1;93;1135;2797;508;413;-2;3;89
1;94;1135;2797;508;347;83;4;93
1;95;1135;3144;508;66;-1;4;93
1;96;1643;2797;77;413;-1;3;89
1;97;1720;0;1474;3210;-2;1;71
1;98;1720;0;1474;1927;-2;2;97
1;99;1720;0;737;1927;52;3;98
1;100;2457;0;737;1927;53;3;98
1;101;1720;1927;1474;400;-2;2;97
1;102;1720;1927;1400;400;379;3;101
1;103;3120;1927;74;400;-1;3;101
1;104;1720;2327;1474;400;-2;2;97
1;105;1720;2327;1400;400;380;3;104
1;106;3120;2327;74;400;-1;3;104
1;107;1720;2727;1474;483;-2;2;97
1;108;1720;2727;659;483;-2;3;107
1;109;1720;2727;659;418;132;4;108
1;110;1720;3145;659;65;-1;4;108
1;111;2379;2727;659;483;-2;3;107
1;112;2379;2727;659;418;133;4;111
1;113;2379;3145;659;65;-1;4;111
1;114;3038;2727;156;483;-1;3;107
1;115;3194;0;2000;3210;-2;1;71
1;116;3194;0;2000;1400;-2;2;115
1;117;3194;0;400;1400;381;3;116
1;118;3594;0;400;1400;382;3;116
1;119;3994;0;400;1400;383;3;116
1;120;4394;0;400;1400;384;3;116
1;121;4794;0;400;1400;385;3;116
1;122;3194;1400;2000;418;-2;2;115
1;123;3194;1400;659;418;134;3;122
1;124;3853;1400;659;418;135;3;122
1;125;4512;1400;659;418;136;3;122
1;126;5171;1400;23;418;-1;3;122
1;127;3194;1818;2000;1000;-2;2;115
1;128;3194;1818;500;1000;352;3;127
1;129;3694;1818;500;1000;353;3;127
1;130;4194;1818;500;1000;354;3;127
1;131;4694;1818;500;1000;355;3;127
1;132;3194;2818;2000;392;-2;2;115
1;133;3194;2818;1888;392;-2;3;132
1;134;3194;2818;1888;370;156;4;133
1;135;3194;3188;1888;22;-1;4;133
1;136;5082;2818;112;392;-1;3;132
1;137;5194;0;806;3210;-2;1;71
1;138;5194;0;806;610;-2;2;137
1;139;5194;0;741;610;0;3;138
1;140;5935;0;65;610;-1;3;138
1;141;5194;610;806;1915;-2;2;137
1;142;5194;610;401;1915;186;3;141
1;143;5595;610;370;1915;-2;3;141
1;144;5595;610;370;1888;157;4;143
1;145;5595;2498;370;27;-1;4;143
1;146;5965;610;35;1915;-1;3;141
1;147;5194;2525;806;685;-2;2;137
1;148;5194;2525;347;685;-2;3;147
1;149;5194;2525;347;508;84;4;148
1;150;5194;3033;347;177;-1;4;148
1;151;5541;2525;418;685;-2;3;147
1;152;5541;2525;418;659;137;4;151
1;153;5541;3184;418;26;-1;4;151
1;154;5959;2525;41;685;-1;3;147
2;155;0;0;6000;3210;-2;0;
2;156;0;0;570;3210;-2;1;155
2;157;0;0;570;1066;251;2;156
2;158;0;1066;570;1066;252;2;156
2;159;0;2132;570;1078;-2;2;156
2;160;0;2132;500;1078;-2;3;159
2;161;0;2132;500;1000;409;4;160
2;162;0;3132;500;78;-1;4;160
2;163;500;2132;70;1078;-1;3;159
2;164;570;0;526;3210;-2;1;155
2;165;570;0;526;657;1;2;164
2;166;570;657;526;28;-1;2;164
2;167;570;685;526;657;2;2;164
2;168;570;1342;526;657;3;2;164
2;169;570;1999;526;1211;-2;2;164
2;170;570;1999;493;1211;-2;3;169
2;171;570;1999;493;1140;107;4;170
2;172;570;3139;493;71;-1;4;170
2;173;1063;1999;33;1211;-1;3;169
2;174;1096;0;1678;3210;-2;1;155
2;175;1096;0;1678;559;356;2;174
2;176;1096;559;1678;24;-1;2;174
2;177;1096;583;1678;559;357;2;174
2;178;1096;1142;1678;459;358;2;174
2;179;1096;1601;1678;459;359;2;174
2;180;1096;2060;1678;657;-2;2;174
2;181;1096;2060;526;657;4;3;180
2;182;1622;2060;526;657;5;3;180
2;183;2148;2060;526;657;6;3;180
2;184;2674;2060;100;657;-1;3;180
2;185;1096;2717;1678;34;-1;2;174
2;186;1096;2751;1678;459;360;2;174
2;187;2774;0;634;3210;-2;1;155
2;188;2774;0;634;883;224;2;187
2;189;2774;883;634;883;225;2;187
2;190;2774;1766;634;1444;-2;2;187
2;191;2774;1766;602;1444;-2;3;190
2;192;2774;1766;602;1395;26;4;191
2;193;2774;3161;602;49;-1;4;191
2;194;3376;1766;32;1444;-1;3;190
2;195;3408;0;487;3210;-2;1;155
2;196;3408;0;487;1034;-2;2;195
2;197;3408;0;20;1034;-1;3;196
2;198;3428;0;440;1034;-2;3;196
2;199;3428;0;440;1013;158;4;198
2;200;3428;1013;440;21;-1;4;198
2;201;3868;0;27;1034;-1;3;196
2;202;3408;1034;487;1077;54;2;195
2;203;3408;2111;487;1077;55;2;195
2;204;3408;3188;487;22;-1;2;195
2;205;3895;0;443;3210;-2;1;155
2;206;3895;0;443;1978;-2;2;205
2;207;3895;0;413;1978;159;3;206
2;208;4308;0;30;1978;-1;3;206
2;209;3895;1978;443;1192;277;2;205
2;210;3895;3170;443;40;-1;2;205
2;211;4338;0;1640;3210;-2;1;155
2;212;4338;0;1640;1978;-2;2;211
2;213;4338;0;413;1978;160;3;212
2;214;4751;0;413;1978;161;3;212
2;215;5164;0;413;1978;162;3;212
2;216;5577;0;401;1978;-2;3;212
2;217;5577;0;401;1915;187;4;216
2;218;5577;1915;401;63;-1;4;216
2;219;4338;1978;1640;657;-2;2;211
2;220;4338;1978;526;657;7;3;219
2;221;4864;1978;526;657;8;3;219
2;222;5390;1978;526;657;9;3;219
2;223;5916;1978;62;657;-1;3;219
2;224;4338;2635;1640;575;-2;2;211
2;225;4338;2635;533;575;-2;3;224
2;226;4338;2635;533;523;226;4;225
2;227;4338;3158;533;52;-1;4;225
2;228;4871;2635;36;575;-1;3;224
2;229;4907;2635;998;575;-2;3;224
2;230;4907;2635;998;545;188;4;229
2;231;4907;3180;998;30;-1;4;229
2;232;5905;2635;73;575;-1;3;224
2;233;5978;0;22;3210;-1;1;155
3;234;0;0;6000;3210;-2;0;
3;235;0;0;846;3210;-2;1;234
3;236;0;0;846;1978;-2;2;235
3;237;0;0;20;1978;-1;3;236
3;238;20;0;413;1978;163;3;236
3;239;433;0;413;1978;164;3;236
3;240;0;1978;846;346;-2;2;235
3;241;0;1978;704;346;253;3;240
3;242;704;1978;142;346;-1;3;240
3;243;0;2324;846;886;-2;2;235
3;244;0;2324;500;886;-2;3;243
3;245;0;2324;500;825;330;4;244
3;246;0;3149;500;61;-1;4;244
3;247;500;2324;346;886;-2;3;243
3;248;500;2324;346;704;254;4;247
3;249;500;3028;346;182;-1;4;247
3;250;846;0;1744;3210;-2;1;234
3;251;846;0;1744;459;-2;2;250
3;252;846;0;1678;459;361;3;251
3;253;2524;0;66;459;-1;3;251
3;254;846;459;1744;406;-2;2;250
3;255;846;459;1712;406;304;3;254
3;256;2558;459;32;406;-1;3;254
3;257;846;865;1744;455;244;2;250
3;258;846;1320;1744;455;245;2;250
3;259;846;1775;1744;407;-2;2;250
3;260;846;1775;1724;407;246;3;259
3;261;2570;1775;20;407;-1;3;259
3;262;846;2182;1744;1028;-2;2;250
3;263;846;2182;600;1028;-2;3;262
3;264;846;2182;600;1000;331;4;263
3;265;846;3182;600;28;-1;4;263
3;266;1446;2182;600;1028;-2;3;262
3;267;1446;2182;600;1000;332;4;266
3;268;1446;3182;600;28;-1;4;266
3;269;2046;2182;500;1028;-2;3;262
3;270;2046;2182;500;1000;410;4;269
3;271;2046;3182;500;28;-1;4;269
3;272;2546;2182;44;1028;-1;3;262
3;273;2590;0;407;3210;-2;1;234
3;274;2590;0;407;1724;247;2;273
3;275;2590;1724;407;704;-2;2;273
3;276;2590;1724;346;704;255;3;275
3;277;2936;1724;61;704;-1;3;275
3;278;2590;2428;407;782;-2;2;273
3;279;2590;2428;20;782;-1;3;278
3;280;2610;2428;362;782;-2;3;278
3;281;2610;2428;362;630;85;4;280
3;282;2610;3058;362;152;-1;4;280
3;283;2972;2428;25;782;-1;3;278
3;284;2997;0;1461;3210;-2;1;234
3;285;2997;0;1461;629;-2;2;284
3;286;2997;0;1395;629;-2;3;285
3;287;2997;0;1395;602;27;4;286
3;288;2997;602;1395;27;-1;4;286
3;289;4392;0;66;629;-1;3;285
3;290;2997;629;1461;400;-2;2;284
3;291;2997;629;1400;400;386;3;290
3;292;4397;629;61;400;-1;3;290
3;293;2997;1029;1461;1077;-2;2;284
3;294;2997;1029;487;1077;56;3;293
3;295;3484;1029;487;1077;57;3;293
3;296;3971;1029;487;1077;58;3;293
3;297;2997;2106;1461;1104;-2;2;284
3;298;2997;2106;487;1104;-2;3;297
3;299;2997;2106;487;1077;59;4;298
3;300;2997;3183;487;27;-1;4;298
3;301;3484;2106;487;1104;-2;3;297
3;302;3484;2106;487;1077;60;4;301
3;303;3484;3183;487;27;-1;4;301
3;304;3971;2106;487;1104;-2;3;297
3;305;3971;2106;487;1077;61;4;304
3;306;3971;3183;487;27;-1;4;304
3;307;4458;0;938;3210;-2;1;234
3;308;4458;0;938;1678;-2;2;307
3;309;4458;0;20;1678;-1;3;308
3;310;4478;0;459;1678;362;3;308
3;311;4937;0;459;1678;363;3;308
3;312;4458;1678;938;404;-2;2;307
3;313;4458;1678;448;404;227;3;312
3;314;4906;1678;448;404;228;3;312
3;315;5354;1678;42;404;-1;3;312
3;316;4458;2082;938;1128;-2;2;307
3;317;4458;2082;413;1128;-2;3;316
3;318;4458;2082;413;1083;429;4;317
3;319;4458;3165;413;45;-1;4;317
3;320;4871;2082;500;1128;-2;3;316
3;321;4871;2082;500;1000;411;4;320
3;322;4871;3082;500;128;-1;4;320
3;323;5371;2082;25;1128;-1;3;316
3;324;5396;0;581;3210;-2;1;234
3;325;5396;0;581;1245;62;2;324
3;326;5396;1245;581;1245;63;2;324
3;327;5396;2490;581;720;-2;2;324
3;328;5396;2490;526;720;-2;3;327
3;329;5396;2490;526;657;10;4;328
3;330;5396;3147;526;63;-1;4;328
3;331;5922;2490;55;720;-1;3;327
3;332;5977;0;23;3210;-1;1;234
4;333;0;0;6000;3210;-2;0;
4;334;0;0;2434;3210;-2;1;333
4;335;0;0;2434;1000;-2;2;334
4;336;0;0;600;1000;333;3;335
4;337;600;0;600;1000;334;3;335
4;338;1200;0;600;1000;335;3;335
4;339;1800;0;600;1000;336;3;335
4;340;2400;0;34;1000;-1;3;335
4;341;0;1000;2434;555;-2;2;334
4;342;0;1000;1217;555;86;3;341
4;343;1217;1000;1217;555;87;3;341
4;344;0;1555;2434;490;-2;2;334
4;345;0;1555;1178;490;430;3;344
4;346;1178;1555;1178;490;431;3;344
4;347;2356;1555;78;490;-1;3;344
4;348;0;2045;2434;513;-2;2;334
4;349;0;2045;1203;513;432;3;348
4;350;1203;2045;1203;513;433;3;348
4;351;2406;2045;28;513;-1;3;348
4;352;0;2558;2434;652;-2;2;334
4;353;0;2558;1190;652;-2;3;352
4;354;0;2558;1190;63;-2;4;353
4;355;0;2621;1190;589;434;4;353
4;356;1190;2558;1190;652;-2;3;352
4;357;1190;2558;1190;63;-1;4;356
4;358;1190;2621;1190;589;435;4;356
4;359;2380;2558;54;652;-1;3;352
4;360;2434;0;426;3210;-2;1;333
4;361;2434;0;426;1400;-2;2;360
4;362;2434;0;400;1400;387;3;361
4;363;2834;0;26;1400;-1;3;361
4;364;2434;1400;426;1810;-2;2;360
4;365;2434;1400;406;1810;-2;3;364
4;366;2434;1400;406;1712;305;4;365
4;367;2434;3112;406;98;-1;4;365
4;368;2840;1400;20;1810;-1;3;364
4;369;2860;0;1599;3210;-2;1;333
4;370;2860;0;1599;466;306;2;369
4;371;2860;466;1599;466;307;2;369
4;372;2860;932;1599;657;-2;2;369
4;373;2860;932;526;657;11;3;372
4;374;3386;932;526;657;12;3;372
4;375;3912;932;526;657;13;3;372
4;376;4438;932;21;657;-1;3;372
4;377;2860;1589;1599;466;308;2;369
4;378;2860;2055;1599;466;309;2;369
4;379;2860;2521;1599;689;-2;2;369
4;380;2860;2521;526;689;-2;3;379
4;381;2860;2521;526;657;14;4;380
4;382;2860;3178;526;32;-1;4;380
4;383;3386;2521;526;689;-2;3;379
4;384;3386;2521;526;657;15;4;383
4;385;3386;3178;526;32;-1;4;383
4;386;3912;2521;526;689;-2;3;379
4;387;3912;2521;526;657;16;4;386
4;388;3912;3178;526;32;-1;4;386
4;389;4438;2521;21;689;-1;3;379
4;390;4459;0;1520;3210;-2;1;333
4;391;4459;0;1520;1180;-2;2;390
4;392;4459;0;996;1180;17;3;391
4;393;5455;0;493;1180;-2;3;391
4;394;5455;0;493;1140;108;4;393
4;395;5455;1140;493;40;-1;4;393
4;396;5948;0;31;1180;-1;3;391
4;397;4459;1180;1520;1000;-2;2;390
4;398;4459;1180;500;1000;412;3;397
4;399;4959;1180;500;1000;413;3;397
4;400;5459;1180;500;1000;414;3;397
4;401;5959;1180;20;1000;-1;3;397
4;402;4459;2180;1520;659;-2;2;390
4;403;4459;2180;418;659;138;3;402
4;404;4877;2180;27;659;-1;3;402
4;405;4904;2180;506;659;-2;3;402
4;406;4904;2180;506;612;364;4;405
4;407;4904;2792;506;47;-1;4;405
4;408;5410;2180;506;659;-2;3;402
4;409;5410;2180;506;612;365;4;408
4;410;5410;2792;506;47;-1;4;408
4;411;5916;2180;63;659;-1;3;402
4;412;4459;2839;1520;371;-2;2;390
4;413;4459;2839;765;371;-2;3;412
4;414;4459;2839;765;120;-2;4;413
4;415;4459;2959;765;251;366;4;413
4;416;5224;2839;704;371;-2;3;412
4;417;5224;2839;704;346;256;4;416
4;418;5224;3185;704;25;-1;4;416
4;419;5928;2839;51;371;-1;3;412
4;420;5979;0;21;3210;-1;1;333
5;421;0;0;6000;3210;-2;0;
5;422;0;0;1880;3210;-2;1;421
5;423;0;0;1880;552;109;2;422
5;424;0;552;1880;552;110;2;422
5;425;0;1104;1880;552;111;2;422
5;426;0;1656;1880;552;112;2;422
5;427;0;2208;1880;552;113;2;422
5;428;0;2760;1880;450;-2;2;422
5;429;0;2760;1842;450;-2;3;428
5;430;0;2760;1842;402;18;4;429
5;431;0;3162;1842;48;-1;4;429
5;432;1842;2760;38;450;-1;3;428
5;433;1880;0;1247;3210;-2;1;421
5;434;1880;0;1247;1842;-2;2;433
5;435;1880;0;402;1842;19;3;434
5;436;2282;0;402;1842;20;3;434
5;437;2684;0;402;1842;21;3;434
5;438;3086;0;41;1842;-1;3;434
5;439;1880;1842;1247;455;-2;2;433
5;440;1880;1842;1174;455;248;3;439
5;441;3054;1842;73;455;-1;3;439
5;442;1880;2297;1247;913;-2;2;433
5;443;1880;2297;498;913;-2;3;442
5;444;1880;2297;498;840;139;4;443
5;445;1880;3137;498;73;-1;4;443
5;446;2378;2297;498;913;-2;3;442
5;447;2378;2297;498;840;140;4;446
5;448;2378;3137;498;73;-1;4;446
5;449;2876;2297;251;913;-2;3;442
5;450;2876;2297;251;765;367;4;449
5;451;2876;3062;251;148;-1;4;449
5;452;3127;0;932;3210;-2;1;421
5;453;3127;0;932;1599;-2;2;452
5;454;3127;0;466;1599;310;3;453
5;455;3593;0;466;1599;311;3;453
5;456;3127;1599;932;1174;-2;2;452
5;457;3127;1599;455;1174;249;3;456
5;458;3582;1599;455;1174;250;3;456
5;459;4037;1599;22;1174;-1;3;456
5;460;3127;2773;932;437;-2;2;452
5;461;3127;2773;448;437;-2;3;460
5;462;3127;2773;448;404;229;4;461
5;463;3127;3177;448;33;-1;4;461
5;464;3575;2773;448;437;-2;3;460
5;465;3575;2773;448;404;230;4;464
5;466;3575;3177;448;33;-1;4;464
5;467;4023;2773;36;437;-1;3;460
5;468;4059;0;816;3210;-2;1;421
5;469;4059;0;816;1979;231;2;468
5;470;4059;1979;816;684;-2;2;468
5;471;4059;1979;780;684;141;3;470
5;472;4839;1979;36;684;-1;3;470
5;473;4059;2663;816;547;-2;2;468
5;474;4059;2663;692;547;-2;3;473
5;475;4059;2663;692;487;88;4;474
5;476;4059;3150;692;60;-1;4;474
5;477;4751;2663;124;547;-1;3;473
5;478;4875;0;1125;3210;-2;1;421
5;479;4875;0;1125;500;-2;2;478
5;480;4875;0;1100;500;337;3;479
5;481;5975;0;25;500;-1;3;479
5;482;4875;500;1125;500;-2;2;478
5;483;4875;500;1100;500;338;3;482
5;484;5975;500;25;500;-1;3;482
5;485;4875;1000;1125;500;-2;2;478
5;486;4875;1000;1100;500;339;3;485
5;487;5975;1000;25;500;-1;3;485
5;488;4875;1500;1125;500;-2;2;478
5;489;4875;1500;1100;500;340;3;488
5;490;5975;1500;25;500;-1;3;488
5;491;4875;2000;1125;1210;-2;2;478
5;492;4875;2000;552;1210;-2;3;491
5;493;4875;2000;552;1165;28;4;492
5;494;4875;3165;552;45;-1;4;492
5;495;5427;2000;552;1210;-2;3;491
5;496;5427;2000;552;1165;29;4;495
5;497;5427;3165;552;45;-1;4;495
5;498;5979;2000;21;1210;-1;3;491
6;499;0;0;6000;3210;-2;0;
6;500;0;0;471;3210;-2;1;499
6;501;0;0;471;1919;232;2;500
6;502;0;1919;471;1291;-2;2;500
6;503;0;1919;443;1291;-2;3;502
6;504;0;1919;443;1192;278;4;503
6;505;0;3111;443;99;-1;4;503
6;506;443;1919;28;1291;-1;3;502
6;507;471;0;1023;3210;-2;1;499
6;508;471;0;1023;1919;-2;2;507
6;509;471;0;471;1919;233;3;508
6;510;942;0;552;1919;-2;3;508
6;511;942;0;552;1880;114;4;510
6;512;942;1880;552;39;-1;4;510
6;513;471;1919;1023;545;-2;2;507
6;514;471;1919;998;545;189;3;513
6;515;1469;1919;25;545;-1;3;513
6;516;471;2464;1023;746;-2;2;507
6;517;471;2464;487;746;-2;3;516
6;518;471;2464;487;692;89;4;517
6;519;471;3156;487;54;-1;4;517
6;520;958;2464;487;746;-2;3;516
6;521;958;2464;487;692;90;4;520
6;522;958;3156;487;54;-1;4;520
6;523;1445;2464;49;746;-1;3;516
6;524;1494;0;549;3210;-2;1;499
6;525;1494;0;549;712;-2;2;524
6;526;1494;0;487;712;-2;3;525
6;527;1494;0;487;692;91;4;526
6;528;1494;692;487;20;-1;4;526
6;529;1981;0;62;712;-1;3;525
6;530;1494;712;549;1223;22;2;524
6;531;1494;1935;549;1223;23;2;524
6;532;1494;3158;549;52;-1;2;524
6;533;2043;0;610;3210;-2;1;499
6;534;2043;0;610;2013;234;2;533
6;535;2043;2013;610;1197;-2;2;533
6;536;2043;2013;556;1197;-2;3;535
6;537;2043;2013;556;1089;30;4;536
6;538;2043;3102;556;108;-1;4;536
6;539;2599;2013;54;1197;-1;3;535
6;540;2653;0;2020;3210;-2;1;499
6;541;2653;0;2020;587;-2;2;540
6;542;2653;0;1999;587;92;3;541
6;543;4652;0;21;587;-1;3;541
6;544;2653;587;2020;587;-2;2;540
6;545;2653;587;1999;587;93;3;544
6;546;4652;587;21;587;-1;3;544
6;547;2653;1174;2020;500;-2;2;540
6;548;2653;1174;1000;500;415;3;547
6;549;3653;1174;1000;500;416;3;547
6;550;4653;1174;20;500;-1;3;547
6;551;2653;1674;2020;363;-2;2;540
6;552;2653;1674;1849;363;312;3;551
6;553;4502;1674;171;363;-1;3;551
6;554;2653;2037;2020;1173;-2;2;540
6;555;2653;2037;500;1173;-2;3;554
6;556;2653;2037;500;1100;341;4;555
6;557;2653;3137;500;73;-1;4;555
6;558;3153;2037;500;1173;-2;3;554
6;559;3153;2037;500;1100;342;4;558
6;560;3153;3137;500;73;-1;4;558
6;561;3653;2037;500;1173;-2;3;554
6;562;3653;2037;500;1100;343;4;561
6;563;3653;3137;500;73;-1;4;561
6;564;4153;2037;500;1173;-2;3;554
6;565;4153;2037;500;1100;344;4;564
6;566;4153;3137;500;73;-1;4;564
6;567;4653;2037;20;1173;-1;3;554
6;568;4673;0;581;3210;-2;1;499
6;569;4673;0;581;1245;64;2;568
6;570;4673;1245;581;102;-1;2;568
6;571;4673;1347;581;1245;65;2;568
6;572;4673;2592;581;618;-2;2;568
6;573;4673;2592;484;618;-2;3;572
6;574;4673;2592;484;580;142;4;573
6;575;4673;3172;484;38;-1;4;573
6;576;5157;2592;97;618;-1;3;572
6;577;5254;0;746;3210;-2;1;499
6;578;5254;0;746;918;-2;2;577
6;579;5254;0;703;918;368;3;578
6;580;5957;0;43;918;-1;3;578
6;581;5254;918;746;715;-2;2;577
6;582;5254;918;455;715;115;3;581
6;583;5709;918;41;715;-1;3;581
6;584;5750;918;196;715;-2;3;581
6;585;5750;918;196;615;31;4;584
6;586;5750;1533;196;100;-1;4;584
6;587;5946;918;54;715;-1;3;581
6;588;5254;1633;746;1056;-2;2;577
6;589;5254;1633;715;1056;-2;3;588
6;590;5254;1633;715;49;-2;4;589
6;591;5254;1682;715;1007;369;4;589
6;592;5969;1633;31;1056;-1;3;588
6;593;5254;2689;746;521;-2;2;577
6;594;5254;2689;715;521;-2;3;593
6;595;5254;2689;715;455;116;4;594
6;596;5254;3144;715;66;-1;4;594
6;597;5969;2689;31;521;-1;3;593
7;598;0;0;6000;3210;-2;0;
7;599;0;0;1992;3210;-2;1;598
7;600;0;0;1992;736;-2;2;599
7;601;0;0;1939;736;143;3;600
7;602;1939;0;53;736;-1;3;600
7;603;0;736;1992;363;-2;2;599
7;604;0;736;1849;363;313;3;603
7;605;1849;736;143;363;-1;3;603
7;606;0;1099;1992;656;-2;2;599
7;607;0;1099;1834;656;235;3;606
7;608;1834;1099;158;656;-1;3;606
7;609;0;1755;1992;1040;-2;2;599
7;610;0;1755;498;1040;144;3;609
7;611;498;1755;498;1040;145;3;609
7;612;996;1755;498;1040;146;3;609
7;613;1494;1755;498;1040;147;3;609
7;614;0;2795;1992;415;-2;2;599
7;615;0;2795;1392;415;-2;3;614
7;616;0;2795;1392;389;279;4;615
7;617;0;3184;1392;26;-1;4;615
7;618;1392;2795;580;415;-2;3;614
7;619;1392;2795;580;384;165;4;618
7;620;1392;3179;580;31;-1;4;618
7;621;1972;2795;20;415;-1;3;614
7;622;1992;0;1174;3210;-2;1;598
7;623;1992;0;1174;1999;-2;2;622
7;624;1992;0;587;1999;94;3;623
7;625;2579;0;587;1999;95;3;623
7;626;1992;1999;1174;406;-2;2;622
7;627;1992;1999;1125;406;345;3;626
7;628;3117;1999;49;406;-1;3;626
7;629;1992;2405;1174;406;-2;2;622
7;630;1992;2405;1125;406;346;3;629
7;631;3117;2405;49;406;-1;3;629
7;632;1992;2811;1174;399;-2;2;622
7;633;1992;2811;913;399;-2;3;632
7;634;1992;2811;913;364;190;4;633
7;635;1992;3175;913;35;-1;4;633
7;636;2905;2811;261;399;-1;3;632
7;637;3166;0;2172;3210;-2;1;598
7;638;3166;0;2172;1023;-2;2;637
7;639;3166;0;358;1023;117;3;638
7;640;3524;0;358;1023;118;3;638
7;641;3882;0;358;1023;119;3;638
7;642;4240;0;358;1023;120;3;638
7;643;4598;0;358;1023;121;3;638
7;644;4956;0;358;1023;122;3;638
7;645;5314;0;24;1023;-1;3;638
7;646;3166;1023;2172;1023;-2;2;637
7;647;3166;1023;358;1023;123;3;646
7;648;3524;1023;358;1023;124;3;646
7;649;3882;1023;358;1023;125;3;646
7;650;4240;1023;358;1023;126;3;646
7;651;4598;1023;358;1023;127;3;646
7;652;4956;1023;358;1023;128;3;646
7;653;5314;1023;24;1023;-1;3;646
7;654;3166;2046;2172;498;-2;2;637
7;655;3166;2046;1040;498;148;3;654
7;656;4206;2046;1040;498;149;3;654
7;657;5246;2046;92;498;-1;3;654
7;658;3166;2544;2172;666;-2;2;637
7;659;3166;2544;1780;666;-2;3;658
7;660;3166;2544;1780;641;436;4;659
7;661;3166;3185;1780;25;-1;4;659
7;662;4946;2544;196;666;-2;3;658
7;663;4946;2544;196;615;32;4;662
7;664;4946;3159;196;51;-1;4;662
7;665;5142;2544;196;666;-2;3;658
7;666;5142;2544;196;615;33;4;665
7;667;5142;3159;196;51;-1;4;665
7;668;5338;0;662;3210;-2;1;598
7;669;5338;0;662;1780;-2;2;668
7;670;5338;0;641;1780;437;3;669
7;671;5979;0;21;1780;-1;3;669
7;672;5338;1780;662;1430;-2;2;668
7;673;5338;1780;636;1430;-2;3;672
7;674;5338;1780;636;1395;347;4;673
7;675;5338;3175;636;35;-1;4;673
7;676;5974;1780;26;1430;-1;3;672
8;677;0;0;6000;3210;-2;0;
8;678;0;0;2059;3210;-2;1;677
8;679;0;0;2059;636;-2;2;678
8;680;0;0;2019;636;150;3;679
8;681;2019;0;40;636;-1;3;679
8;682;0;636;2059;450;34;2;678
8;683;0;1086;2059;358;-2;2;678
8;684;0;1086;1019;358;370;3;683
8;685;1019;1086;1019;358;371;3;683
8;686;2038;1086;21;358;-1;3;683
8;687;0;1444;2059;26;-1;2;678
8;688;0;1470;2059;450;35;2;678
8;689;0;1920;2059;450;36;2;678
8;690;0;2370;2059;450;37;2;678
8;691;0;2820;2059;390;-2;2;678
8;692;0;2820;913;390;-2;3;691
8;693;0;2820;913;364;191;4;692
8;694;0;3184;913;26;-1;4;692
8;695;913;2820;1019;390;-2;3;691
8;696;913;2820;1019;358;372;4;695
8;697;913;3178;1019;32;-1;4;695
8;698;1932;2820;127;390;-1;3;691
8;699;2059;0;1077;3210;-2;1;677
8;700;2059;0;1077;487;96;2;699
8;701;2059;487;1077;20;-1;2;699
8;702;2059;507;1077;487;97;2;699
8;703;2059;994;1077;487;98;2;699
8;704;2059;1481;1077;487;99;2;699
8;705;2059;1968;1077;487;100;2;699
8;706;2059;2455;1077;358;-2;2;699
8;707;2059;2455;1023;358;129;3;706
8;708;3082;2455;54;358;-1;3;706
8;709;2059;2813;1077;397;-2;2;699
8;710;2059;2813;1019;397;-2;3;709
8;711;2059;2813;1019;358;373;4;710
8;712;2059;3171;1019;39;-1;4;710
8;713;3078;2813;58;397;-1;3;709
8;714;3136;0;930;3210;-2;1;677
8;715;3136;0;930;1475;-2;2;714
8;716;3136;0;453;1475;-2;3;715
8;717;3136;0;453;1438;166;4;716
8;718;3136;1438;453;37;-1;4;716
8;719;3589;0;453;1475;-2;3;715
8;720;3589;0;453;1438;167;4;719
8;721;3589;1438;453;37;-1;4;719
8;722;4042;0;24;1475;-1;3;715
8;723;3136;1475;930;364;-2;2;714
8;724;3136;1475;910;364;192;3;723
8;725;4046;1475;20;364;-1;3;723
8;726;3136;1839;930;364;-2;2;714
8;727;3136;1839;910;364;193;3;726
8;728;4046;1839;20;364;-1;3;726
8;729;3136;2203;930;1007;-2;2;714
8;730;3136;2203;446;1007;-2;3;729
8;731;3136;2203;446;903;194;4;730
8;732;3136;3106;446;104;-1;4;730
8;733;3582;2203;446;1007;-2;3;729
8;734;3582;2203;446;903;195;4;733
8;735;3582;3106;446;104;-1;4;733
8;736;4028;2203;38;1007;-1;3;729
8;737;4066;0;513;3210;-2;1;677
8;738;4066;0;513;416;196;2;737
8;739;4066;416;513;46;-1;2;737
8;740;4066;462;513;1140;-2;2;737
8;741;4066;462;493;1140;151;3;740
8;742;4559;462;20;1140;-1;3;740
8;743;4066;1602;513;1077;-2;2;737
8;744;4066;1602;487;1077;101;3;743
8;745;4553;1602;26;1077;-1;3;743
8;746;4066;2679;513;531;-2;2;737
8;747;4066;2679;416;531;-2;3;746
8;748;4066;2679;416;511;197;4;747
8;749;4066;3190;416;20;-1;4;747
8;750;4482;2679;97;531;-1;3;746
8;751;4579;0;1421;3210;-2;1;677
8;752;4579;0;1421;400;-2;2;751
8;753;4579;0;1400;400;417;3;752
8;754;5979;0;21;400;-1;3;752
8;755;4579;400;1421;400;-2;2;751
8;756;4579;400;1400;400;388;3;755
8;757;5979;400;21;400;-1;3;755
8;758;4579;800;1421;400;-2;2;751
8;759;4579;800;1400;400;418;3;758
8;760;5979;800;21;400;-1;3;758
8;761;4579;1200;1421;400;-2;2;751
8;762;4579;1200;1400;400;419;3;761
8;763;5979;1200;21;400;-1;3;761
8;764;4579;1600;1421;400;-2;2;751
8;765;4579;1600;1400;400;420;3;764
8;766;5979;1600;21;400;-1;3;764
8;767;4579;2000;1421;400;-2;2;751
8;768;4579;2000;1400;400;421;3;767
8;769;5979;2000;21;400;-1;3;767
8;770;4579;2400;1421;400;-2;2;751
8;771;4579;2400;1400;400;422;3;770
8;772;5979;2400;21;400;-1;3;770
8;773;4579;2800;1421;410;-2;2;751
8;774;4579;2800;1392;410;-2;3;773
8;775;4579;2800;1392;389;280;4;774
8;776;4579;3189;1392;21;-1;4;774
8;777;5971;2800;29;410;-1;3;773
9;778;0;0;6000;3210;-2;0;
9;779;0;0;596;3210;-2;1;778
9;780;0;0;596;1565;314;2;779
9;781;0;1565;596;1645;-2;2;779
9;782;0;1565;540;1645;-2;3;781
9;783;0;1565;540;1524;198;4;782
9;784;0;3089;540;121;-1;4;782
9;785;540;1565;56;1645;-1;3;781
9;786;596;0;662;3210;-2;1;778
9;787;596;0;662;1901;199;2;786
9;788;596;1901;662;1309;-2;2;786
9;789;596;1901;638;1309;-2;3;788
9;790;596;1901;638;1258;236;4;789
9;791;596;3159;638;51;-1;4;789
9;792;1234;1901;24;1309;-1;3;788
9;793;1258;0;1128;3210;-2;1;778
9;794;1258;0;1128;1811;-2;2;793
9;795;1258;0;581;1811;438;3;794
9;796;1839;0;547;1811;-2;3;794
9;797;1839;0;547;1682;66;4;796
9;798;1839;1682;547;129;-1;4;796
9;799;1258;1811;1128;547;-2;2;793
9;800;1258;1811;1107;547;38;3;799
9;801;2365;1811;21;547;-1;3;799
9;802;1258;2358;1128;547;-2;2;793
9;803;1258;2358;1107;547;39;3;802
9;804;2365;2358;21;547;-1;3;802
9;805;1258;2905;1128;305;-2;2;793
9;806;1258;2905;1064;305;-2;3;805
9;807;1258;2905;1064;270;168;4;806
9;808;1258;3175;1064;35;-1;4;806
9;809;2322;2905;64;305;-1;3;805
9;810;2386;0;2034;3210;-2;1;778
9;811;2386;0;2034;1400;-2;2;810
9;812;2386;0;400;1400;423;3;811
9;813;2786;0;400;1400;424;3;811
9;814;3186;0;400;1400;425;3;811
9;815;3586;0;400;1400;426;3;811
9;816;3986;0;400;1400;427;3;811
9;817;4386;0;34;1400;-1;3;811
9;818;2386;1400;2034;475;-2;2;810
9;819;2386;1400;2014;475;169;3;818
9;820;4400;1400;20;475;-1;3;818
9;821;2386;1875;2034;475;-2;2;810
9;822;2386;1875;2014;475;170;3;821
9;823;4400;1875;20;475;-1;3;821
9;824;2386;2350;2034;442;-2;2;810
9;825;2386;2350;1017;442;40;3;824
9;826;3403;2350;1017;442;41;3;824
9;827;2386;2792;2034;418;-2;2;810
9;828;2386;2792;913;418;-2;3;827
9;829;2386;2792;913;364;200;4;828
9;830;2386;3156;913;54;-1;4;828
9;831;3299;2792;913;418;-2;3;827
9;832;3299;2792;913;364;201;4;831
9;833;3299;3156;913;54;-1;4;831
9;834;4212;2792;208;418;-1;3;827
9;835;4420;0;547;3210;-2;1;778
9;836;4420;0;547;1682;67;2;835
9;837;4420;1682;547;387;-2;2;835
9;838;4420;1682;505;387;202;3;837
9;839;4925;1682;42;387;-1;3;837
9;840;4420;2069;547;1141;-2;2;835
9;841;4420;2069;23;1141;-1;3;840
9;842;4443;2069;500;1141;-2;3;840
9;843;4443;2069;500;141;-2;4;842
9;844;4443;2210;500;1000;389;4;842
9;845;4943;2069;24;1141;-1;3;840
9;846;4967;0;1033;3210;-2;1;778
9;847;4967;0;1033;1000;-2;2;846
9;848;4967;0;500;1000;390;3;847
9;849;5467;0;500;1000;391;3;847
9;850;5967;0;33;1000;-1;3;847
9;851;4967;1000;1033;1000;-2;2;846
9;852;4967;1000;500;1000;392;3;851
9;853;5467;1000;500;1000;393;3;851
9;854;5967;1000;33;1000;-1;3;851
9;855;4967;2000;1033;656;-2;2;846
9;856;4967;2000;1009;656;257;3;855
9;857;5976;2000;24;656;-1;3;855
9;858;4967;2656;1033;554;-2;2;846
9;859;4967;2656;1000;554;-2;3;858
9;860;4967;2656;1000;500;394;4;859
9;861;4967;3156;1000;54;-1;4;859
9;862;5967;2656;33;554;-1;3;858
10;863;0;0;6000;3210;-2;0;
10;864;0;0;1080;3210;-2;1;863
10;865;0;0;1080;2266;-2;2;864
10;866;0;0;230;2266;-2;3;865
10;867;0;0;230;2234;203;4;866
10;868;0;2234;230;32;-1;4;866
10;869;230;0;230;2266;-2;3;865
10;870;230;0;230;2234;204;4;869
10;871;230;2234;230;32;-1;4;869
10;872;460;0;620;2266;205;3;865
10;873;0;2266;1080;202;-2;2;864
10;874;0;2266;1038;202;171;3;873
10;875;1038;2266;42;202;-1;3;873
10;876;0;2468;1080;742;-2;2;864
10;877;0;2468;1009;742;-2;3;876
10;878;0;2468;1009;656;258;4;877
10;879;0;3124;1009;86;-1;4;877
10;880;1009;2468;71;742;-1;3;876
10;881;1080;0;618;3210;-2;1;863
10;882;1080;0;618;1829;172;2;881
10;883;1080;1829;618;1238;237;2;881
10;884;1080;3067;618;143;-1;2;881
10;885;1698;0;1415;3210;-2;1;863
10;886;1698;0;1415;636;173;2;885
10;887;1698;636;1415;636;-2;2;885
10;888;1698;636;1395;636;348;3;887
10;889;3093;636;20;636;-1;3;887
10;890;1698;1272;1415;389;-2;2;885
10;891;1698;1272;1392;389;281;3;890
10;892;3090;1272;23;389;-1;3;890
10;893;1698;1661;1415;1069;-2;2;885
10;894;1698;1661;915;1069;259;3;893
10;895;2613;1661;500;1069;-2;3;893
10;896;2613;1661;500;1000;395;4;895
10;897;2613;2661;500;69;-1;4;895
10;898;1698;2730;1415;480;-2;2;885
10;899;1698;2730;1335;480;-2;3;898
10;900;1698;2730;1335;415;374;4;899
10;901;1698;3145;1335;65;-1;4;899
10;902;3033;2730;80;480;-1;3;898
10;903;3113;0;344;3210;-2;1;863
10;904;3113;0;344;1537;282;2;903
10;905;3113;1537;344;1537;283;2;903
10;906;3113;3074;344;136;-1;2;903
10;907;3457;0;493;3210;-2;1;863
10;908;3457;0;493;1140;152;2;907
10;909;3457;1140;493;1140;153;2;907
10;910;3457;2280;493;930;-2;2;907
10;911;3457;2280;447;930;-2;3;910
10;912;3457;2280;447;907;42;4;911
10;913;3457;3187;447;23;-1;4;911
10;914;3904;2280;46;930;-1;3;910
10;915;3950;0;1500;3210;-2;1;863
10;916;3950;0;1500;753;-2;2;915
10;917;3950;0;1478;753;349;3;916
10;918;5428;0;22;753;-1;3;916
10;919;3950;753;1500;1000;-2;2;915
10;920;3950;753;500;1000;396;3;919
10;921;4450;753;500;1000;397;3;919
10;922;4950;753;500;1000;398;3;919
10;923;3950;1753;1500;415;-2;2;915
10;924;3950;1753;1335;415;375;3;923
10;925;5285;1753;165;415;-1;3;923
10;926;3950;2168;1500;1042;-2;2;915
10;927;3950;2168;500;1042;-2;3;926
10;928;3950;2168;500;1000;399;4;927
10;929;3950;3168;500;42;-1;4;927
10;930;4450;2168;500;1042;-2;3;926
10;931;4450;2168;500;1000;400;4;930
10;932;4450;3168;500;42;-1;4;930
10;933;4950;2168;500;1042;-2;3;926
10;934;4950;2168;500;1000;401;4;933
10;935;4950;3168;500;42;-1;4;933
10;936;5450;0;550;3210;-2;1;863
10;937;5450;0;550;810;174;2;936
10;938;5450;810;550;877;-2;2;936
10;939;5450;810;487;877;102;3;938
10;940;5937;810;63;877;-1;3;938
10;941;5450;1687;550;1140;-2;2;936
10;942;5450;1687;493;1140;154;3;941
10;943;5943;1687;57;1140;-1;3;941
10;944;5450;2827;550;383;-2;2;936
10;945;5450;2827;456;383;-2;3;944
10;946;5450;2827;456;269;284;4;945
10;947;5450;3096;456;114;-1;4;945
10;948;5906;2827;94;383;-1;3;944
11;949;0;0;6000;3210;-2;0;
11;950;0;0;1162;3210;-2;1;949
11;951;0;0;1162;1245;-2;2;950
11;952;0;0;581;1245;68;3;951
11;953;581;0;581;1245;69;3;951
11;954;0;1245;1162;473;-2;2;950
11;955;0;1245;1134;473;206;3;954
11;956;1134;1245;28;473;-1;3;954
11;957;0;1718;1162;1104;-2;2;950
11;958;0;1718;546;1104;260;3;957
11;959;546;1718;546;1104;261;3;957
11;960;1092;1718;70;1104;-1;3;957
11;961;0;2822;1162;388;-2;2;950
11;962;0;2822;1019;388;-2;3;961
11;963;0;2822;1019;358;376;4;962
11;964;0;3180;1019;30;-1;4;962
11;965;1019;2822;143;388;-1;3;961
11;966;1162;0;1124;3210;-2;1;949
11;967;1162;0;1124;1104;-2;2;966
11;968;1162;0;546;1104;262;3;967
11;969;1708;0;546;1104;263;3;967
11;970;2254;0;32;1104;-1;3;967
11;971;1162;1104;1124;446;-2;2;966
11;972;1162;1104;1104;446;264;3;971
11;973;2266;1104;20;446;-1;3;971
11;974;1162;1550;1124;446;-2;2;966
11;975;1162;1550;1104;446;265;3;974
11;976;2266;1550;20;446;-1;3;974
11;977;1162;1996;1124;446;-2;2;966
11;978;1162;1996;1104;446;266;3;977
11;979;2266;1996;20;446;-1;3;977
11;980;1162;2442;1124;446;-2;2;966
11;981;1162;2442;1104;446;267;3;980
11;982;2266;2442;20;446;-1;3;980
11;983;1162;2888;1124;322;-2;2;966
11;984;1162;2888;960;322;-2;3;983
11;985;1162;2888;960;276;315;4;984
11;986;1162;3164;960;46;-1;4;984
11;987;2122;2888;164;322;-1;3;983
11;988;2286;0;597;3210;-2;1;949
11;989;2286;0;597;1405;70;2;988
11;990;2286;1405;597;30;-1;2;988
11;991;2286;1435;597;1405;71;2;988
11;992;2286;2840;597;370;-2;2;988
11;993;2286;2840;456;370;-2;3;992
11;994;2286;2840;456;101;-2;4;993
11;995;2286;2941;456;269;285;4;993
11;996;2742;2840;141;370;-1;3;992
11;997;2883;0;656;3210;-2;1;949
11;998;2883;0;656;1204;268;2;997
11;999;2883;1204;656;1204;269;2;997
11;1000;2883;2408;656;802;-2;2;997
11;1001;2883;2408;604;802;-2;3;1000
11;1002;2883;2408;604;57;-2;4;1001
11;1003;2883;2465;604;745;175;4;1001
11;1004;3487;2408;52;802;-1;3;1000
11;1005;3539;0;1134;3210;-2;1;949
11;1006;3539;0;1134;1455;-2;2;1005
11;1007;3539;0;555;1455;72;3;1006
11;1008;4094;0;555;1455;73;3;1006
11;1009;4649;0;24;1455;-1;3;1006
11;1010;3539;1455;1134;473;207;2;1005
11;1011;3539;1928;1134;1282;-2;2;1005
11;1012;3539;1928;451;1282;-2;3;1011
11;1013;3539;1928;451;1204;270;4;1012
11;1014;3539;3132;451;78;-1;4;1012
11;1015;3990;1928;648;1282;-2;3;1011
11;1016;3990;1928;648;1198;238;4;1015
11;1017;3990;3126;648;84;-1;4;1015
11;1018;4638;1928;35;1282;-1;3;1011
11;1019;4673;0;802;3210;-2;1;949
11;1020;4673;0;802;27;-1;2;1019
11;1021;4673;27;802;1915;-2;2;1019
11;1022;4673;27;401;1915;239;3;1021
11;1023;5074;27;401;1915;240;3;1021
11;1024;4673;1942;802;285;-2;2;1019
11;1025;4673;1942;704;285;176;3;1024
11;1026;5377;1942;98;285;-1;3;1024
11;1027;4673;2227;802;983;-2;2;1019
11;1028;4673;2227;465;983;-2;3;1027
11;1029;4673;2227;465;903;208;4;1028
11;1030;4673;3130;465;80;-1;4;1028
11;1031;5138;2227;276;983;-2;3;1027
11;1032;5138;2227;276;960;316;4;1031
11;1033;5138;3187;276;23;-1;4;1031
11;1034;5414;2227;61;983;-1;3;1027
11;1035;5475;0;525;3210;-2;1;949
11;1036;5475;0;525;446;-2;2;1035
11;1037;5475;0;499;446;286;3;1036
11;1038;5974;0;26;446;-1;3;1036
11;1039;5475;446;525;446;-2;2;1035
11;1040;5475;446;499;446;287;3;1039
11;1041;5974;446;26;446;-1;3;1039
11;1042;5475;892;525;414;-2;2;1035
11;1043;5475;892;502;414;288;3;1042
11;1044;5977;892;23;414;-1;3;1042
11;1045;5475;1306;525;456;-2;2;1035
11;1046;5475;1306;504;456;289;3;1045
11;1047;5979;1306;21;456;-1;3;1045
11;1048;5475;1762;525;456;-2;2;1035
11;1049;5475;1762;504;456;290;3;1048
11;1050;5979;1762;21;456;-1;3;1048
11;1051;5475;2218;525;456;-2;2;1035
11;1052;5475;2218;504;456;291;3;1051
11;1053;5979;2218;21;456;-1;3;1051
11;1054;5475;2674;525;536;-2;2;1035
11;1055;5475;2674;504;536;-2;3;1054
11;1056;5475;2674;504;456;292;4;1055
11;1057;5475;3130;504;80;-1;4;1055
11;1058;5979;2674;21;536;-1;3;1054
12;1059;0;0;6000;3210;-2;0;
12;1060;0;0;509;3210;-2;1;1059
12;1061;0;0;509;1570;-2;2;1060
12;1062;0;0;455;1570;-2;3;1061
12;1063;0;0;455;1445;74;4;1062
12;1064;0;1445;455;125;-1;4;1062
12;1065;455;0;54;1570;-1;3;1061
12;1066;0;1570;509;614;293;2;1060
12;1067;0;2184;509;1026;-2;2;1060
12;1068;0;2184;465;1026;-2;3;1067
12;1069;0;2184;465;123;-2;4;1068
12;1070;0;2307;465;903;209;4;1068
12;1071;465;2184;44;1026;-1;3;1067
12;1072;509;0;744;3210;-2;1;1059
12;1073;509;0;744;1979;210;2;1072
12;1074;509;1979;744;1231;-2;2;1072
12;1075;509;1979;451;1231;-2;3;1074
12;1076;509;1979;451;1204;271;4;1075
12;1077;509;3183;451;27;-1;4;1075
12;1078;960;1979;261;1231;-2;3;1074
12;1079;960;1979;261;1060;317;4;1078
12;1080;960;3039;261;171;-1;4;1078
12;1081;1221;1979;32;1231;-1;3;1074
12;1082;1253;0;1203;3210;-2;1;1059
12;1083;1253;0;1203;1915;-2;2;1082
12;1084;1253;0;401;1915;241;3;1083
12;1085;1654;0;401;1915;242;3;1083
12;1086;2055;0;401;1915;243;3;1083
12;1087;1253;1915;1203;1295;-2;2;1082
12;1088;1253;1915;451;1295;-2;3;1087
12;1089;1253;1915;451;1204;272;4;1088
12;1090;1253;3119;451;91;-1;4;1088
12;1091;1704;1915;451;1295;-2;3;1087
12;1092;1704;1915;451;1204;273;4;1091
12;1093;1704;3119;451;91;-1;4;1091
12;1094;2155;1915;275;1295;-2;3;1087
12;1095;2155;1915;275;994;177;4;1094
12;1096;2155;2909;275;301;-1;4;1094
12;1097;2430;1915;26;1295;-1;3;1087
12;1098;2456;0;640;3210;-2;1;1059
12;1099;2456;0;640;2266;-2;2;1098
12;1100;2456;0;620;2266;211;3;1099
12;1101;3076;0;20;2266;-1;3;1099
12;1102;2456;2266;640;944;-2;2;1098
12;1103;2456;2266;320;944;-2;3;1102
12;1104;2456;2266;320;868;178;4;1103
12;1105;2456;3134;320;76;-1;4;1103
12;1106;2776;2266;320;944;-2;3;1102
12;1107;2776;2266;320;868;179;4;1106
12;1108;2776;3134;320;76;-1;4;1106
12;1109;3096;0;473;3210;-2;1;1059
12;1110;3096;0;473;1134;212;2;1109
12;1111;3096;1134;473;1134;213;2;1109
12;1112;3096;2268;473;942;-2;2;1109
12;1113;3096;2268;447;942;-2;3;1112
12;1114;3096;2268;447;907;43;4;1113
12;1115;3096;3175;447;35;-1;4;1113
12;1116;3543;2268;26;942;-1;3;1112
12;1117;3569;0;509;3210;-2;1;1059
12;1118;3569;0;509;1678;-2;2;1117
12;1119;3569;0;459;1678;350;3;1118
12;1120;4028;0;50;1678;-1;3;1118
12;1121;3569;1678;509;877;-2;2;1117
12;1122;3569;1678;487;877;103;3;1121
12;1123;4056;1678;22;877;-1;3;1121
12;1124;3569;2555;509;614;294;2;1117
12;1125;3569;3169;509;41;-1;2;1117
12;1126;4078;0;1092;3210;-2;1;1059
12;1127;4078;0;1092;1656;-2;2;1126
12;1128;4078;0;546;1656;295;3;1127
12;1129;4624;0;546;1656;296;3;1127
12;1130;4078;1656;1092;261;-2;2;1126
12;1131;4078;1656;1060;261;318;3;1130
12;1132;5138;1656;32;261;-1;3;1130
12;1133;4078;1917;1092;1293;-2;2;1126
12;1134;4078;1917;549;1293;-2;3;1133
12;1135;4078;1917;549;1223;24;4;1134
12;1136;4078;3140;549;70;-1;4;1134
12;1137;4627;1917;500;1293;-2;3;1133
12;1138;4627;1917;500;1000;402;4;1137
12;1139;4627;2917;500;293;-1;4;1137
12;1140;5127;1917;43;1293;-1;3;1133
12;1141;5170;0;830;3210;-2;1;1059
12;1142;5170;0;830;1335;-2;2;1141
12;1143;5170;0;415;1335;377;3;1142
12;1144;5585;0;415;1335;378;3;1142
12;1145;5170;1335;830;610;-2;2;1141
12;1146;5170;1335;741;610;44;3;1145
12;1147;5911;1335;89;610;-1;3;1145
12;1148;5170;1945;830;610;-2;2;1141
12;1149;5170;1945;741;610;45;3;1148
12;1150;5911;1945;89;610;-1;3;1148
12;1151;5170;2555;830;655;-2;2;1141
12;1152;5170;2555;810;655;-2;3;1151
12;1153;5170;2555;810;105;-2;4;1152
12;1154;5170;2660;810;550;180;4;1152
12;1155;5980;2555;20;655;-1;3;1151
13;1156;0;0;6000;3210;-2;0;
13;1157;0;0;664;3210;-2;1;1156
13;1158;0;0;664;1696;297;2;1157
13;1159;0;1696;664;741;-2;2;1157
13;1160;0;1696;610;741;46;3;1159
13;1161;610;1696;54;741;-1;3;1159
13;1162;0;2437;664;773;-2;2;1157
13;1163;0;2437;610;773;-2;3;1162
13;1164;0;2437;610;741;47;4;1163
13;1165;0;3178;610;32;-1;4;1163
13;1166;610;2437;54;773;-1;3;1162
13;1167;664;0;1306;3210;-2;1;1156
13;1168;664;0;1306;1736;-2;2;1167
13;1169;664;0;653;1736;298;3;1168
13;1170;1317;0;653;1736;299;3;1168
13;1171;664;1736;1306;1474;-2;2;1167
13;1172;664;1736;455;1474;-2;3;1171
13;1173;664;1736;455;1445;75;4;1172
13;1174;664;3181;455;29;-1;4;1172
13;1175;1119;1736;383;1474;-2;3;1171
13;1176;1119;1736;383;1437;319;4;1175
13;1177;1119;3173;383;37;-1;4;1175
13;1178;1502;1736;383;1474;-2;3;1171
13;1179;1502;1736;383;1437;320;4;1178
13;1180;1502;3173;383;37;-1;4;1178
13;1181;1885;1736;85;1474;-1;3;1171
13;1182;1970;0;465;3210;-2;1;1156
13;1183;1970;0;465;1880;-2;2;1182
13;1184;1970;0;413;1880;76;3;1183
13;1185;2383;0;52;1880;-1;3;1183
13;1186;1970;1880;465;903;214;2;1182
13;1187;1970;2783;465;427;-1;2;1182
13;1188;2435;0;780;3210;-2;1;1156
13;1189;2435;0;780;1927;-2;2;1188
13;1190;2435;0;43;1927;-1;3;1189
13;1191;2478;0;737;1927;77;3;1189
13;1192;2435;1927;780;604;-2;2;1188
13;1193;2435;1927;745;604;181;3;1192
13;1194;3180;1927;35;604;-1;3;1192
13;1195;2435;2531;780;679;-2;2;1188
13;1196;2435;2531;741;679;-2;3;1195
13;1197;2435;2531;741;610;48;4;1196
13;1198;2435;3141;741;69;-1;4;1196
13;1199;3176;2531;39;679;-1;3;1195
13;1200;3215;0;766;3210;-2;1;1156
13;1201;3215;0;766;1437;-2;2;1200
13;1202;3215;0;383;1437;321;3;1201
13;1203;3598;0;383;1437;322;3;1201
13;1204;3215;1437;766;610;-2;2;1200
13;1205;3215;1437;741;610;49;3;1204
13;1206;3956;1437;25;610;-1;3;1204
13;1207;3215;2047;766;610;-2;2;1200
13;1208;3215;2047;741;610;50;3;1207
13;1209;3956;2047;25;610;-1;3;1207
13;1210;3215;2657;766;553;-2;2;1200
13;1211;3215;2657;62;553;-1;3;1210
13;1212;3277;2657;676;553;-2;3;1210
13;1213;3277;2657;676;102;-2;4;1212
13;1214;3277;2759;676;451;300;4;1212
13;1215;3953;2657;28;553;-1;3;1210
13;1216;3981;0;500;3210;-2;1;1156
13;1217;3981;0;500;1000;403;2;1216
13;1218;3981;1000;500;903;-2;2;1216
13;1219;3981;1000;465;903;215;3;1218
13;1220;4446;1000;35;903;-1;3;1218
13;1221;3981;1903;500;1307;-2;2;1216
13;1222;3981;1903;453;1307;-2;3;1221
13;1223;3981;1903;453;1204;274;4;1222
13;1224;3981;3107;453;103;-1;4;1222
13;1225;4434;1903;47;1307;-1;3;1221
13;1226;4481;0;351;3210;-2;1;1156
13;1227;4481;0;351;1490;323;2;1226
13;1228;4481;1490;351;704;-2;2;1226
13;1229;4481;1490;285;704;182;3;1228
13;1230;4766;1490;66;704;-1;3;1228
13;1231;4481;2194;351;1016;-2;2;1226
13;1232;4481;2194;275;1016;-2;3;1231
13;1233;4481;2194;275;994;183;4;1232
13;1234;4481;3188;275;22;-1;4;1232
13;1235;4756;2194;76;1016;-1;3;1231
13;1236;4832;0;773;3210;-2;1;1156
13;1237;4832;0;773;1979;-2;2;1236
13;1238;4832;0;744;1979;216;3;1237
13;1239;5576;0;29;1979;-1;3;1237
13;1240;4832;1979;773;1231;-2;2;1236
13;1241;4832;1979;453;1231;-2;3;1240
13;1242;4832;1979;453;1204;275;4;1241
13;1243;4832;3183;453;27;-1;4;1241
13;1244;5285;1979;320;1231;-2;3;1240
13;1245;5285;1979;320;868;184;4;1244
13;1246;5285;2847;320;363;-1;4;1244
13;1247;5605;0;373;3210;-2;1;1156
13;1248;5605;0;373;1490;-2;2;1247
13;1249;5605;0;351;1490;324;3;1248
13;1250;5956;0;22;1490;-1;3;1248
13;1251;5605;1490;373;1557;325;2;1247
13;1252;5605;3047;373;163;-1;2;1247
13;1253;5978;0;22;3210;-1;1;1156
14;1254;0;0;6000;3210;-2;0;
14;1255;0;0;726;3210;-2;1;1254
14;1256;0;0;726;2175;25;2;1255
14;1257;0;2175;726;1035;-2;2;1255
14;1258;0;2175;364;1035;-2;3;1257
14;1259;0;2175;364;910;217;4;1258
14;1260;0;3085;364;125;-1;4;1258
14;1261;364;2175;320;1035;-2;3;1257
14;1262;364;2175;320;868;185;4;1261
14;1263;364;3043;320;167;-1;4;1261
14;1264;684;2175;42;1035;-1;3;1257
14;1265;726;0;455;3210;-2;1;1254
14;1266;726;0;455;1445;78;2;1265
14;1267;726;1445;455;1765;-2;2;1265
14;1268;726;1445;400;1765;-2;3;1267
14;1269;726;1445;400;1400;428;4;1268
14;1270;726;2845;400;365;-1;4;1268
14;1271;1126;1445;55;1765;-1;3;1267
14;1272;1181;0;4819;3210;-3;1;1254
