PLATE_ID;NODE_ID;X;Y;WIDTH;HEIGHT;TYPE;CUT;PARENT
0;0;0;0;6000;3210;-2;0;
0;1;0;0;606;3210;-2;1;0
0;2;0;0;606;2148;0;2;1
0;3;0;2148;606;1062;-2;2;1
0;4;0;2148;495;1062;-2;3;3
0;5;0;2148;495;921;577;4;4
0;6;0;3069;495;141;-1;4;4
0;7;495;2148;111;1062;-1;3;3
0;8;606;0;1046;3210;-2;1;0
0;9;606;0;1046;867;-2;2;8
0;10;606;0;473;867;-2;3;9
0;11;606;0;473;839;543;4;10
0;12;606;839;473;28;-1;4;10
0;13;1079;0;473;867;-2;3;9
0;14;1079;0;473;839;544;4;13
0;15;1079;839;473;28;-1;4;13
0;16;1552;0;100;867;-1;3;9
0;17;606;867;1046;1700;-2;2;8
0;18;606;867;523;1700;245;3;17
0;19;1129;867;523;1700;246;3;17
0;20;606;2567;1046;643;-2;2;8
0;21;606;2567;924;643;-2;3;20
0;22;606;2567;924;618;205;4;21
0;23;606;3185;924;25;-1;4;21
0;24;1530;2567;122;643;-1;3;20
0;25;1652;0;2594;3210;-2;1;0
0;26;1652;0;2594;661;-2;2;25
0;27;1652;0;1297;661;503;3;26
0;28;2949;0;1297;661;504;3;26
0;29;1652;661;2594;661;-2;2;25
0;30;1652;661;1297;661;505;3;29
0;31;2949;661;1297;661;506;3;29
0;32;1652;1322;2594;1888;-2;2;25
0;33;1652;1322;513;1888;-2;3;32
0;34;1652;1322;513;1835;409;4;33
0;35;1652;3157;513;53;-1;4;33
0;36;2165;1322;513;1888;-2;3;32
0;37;2165;1322;513;1835;410;4;36
0;38;2165;3157;513;53;-1;4;36
0;39;2678;1322;513;1888;-2;3;32
0;40;2678;1322;513;1835;411;4;39
0;41;2678;3157;513;53;-1;4;39
0;42;3191;1322;513;1888;-2;3;32
0;43;3191;1322;513;1835;412;4;42
0;44;3191;3157;513;53;-1;4;42
0;45;3704;1322;513;1888;-2;3;32
0;46;3704;1322;513;1835;413;4;45
0;47;3704;3157;513;53;-1;4;45
0;48;4217;1322;29;1888;-1;3;32
0;49;4246;0;730;3210;-2;1;0
0;50;4246;0;730;505;-2;2;49
0;51;4246;0;669;505;618;3;50
0;52;4915;0;61;505;-1;3;50
0;53;4246;505;730;505;-2;2;49
0;54;4246;505;679;505;619;3;53
0;55;4925;505;51;505;-1;3;53
0;56;4246;1010;730;505;-2;2;49
0;57;4246;1010;679;505;620;3;56
0;58;4925;1010;51;505;-1;3;56
0;59;4246;1515;730;1695;-2;2;49
0;60;4246;1515;710;1695;-2;3;59
0;61;4246;1515;710;1489;621;4;60
0;62;4246;3004;710;206;-1;4;60
0;63;4956;1515;20;1695;-1;3;59
0;64;4976;0;1024;3210;-2;1;0
0;65;4976;0;1024;473;-2;2;64
0;66;4976;0;20;473;-1;3;65
0;67;4996;0;977;473;507;3;65
0;68;5973;0;27;473;-1;3;65
0;69;4976;473;1024;618;-2;2;64
0;70;4976;473;924;618;206;3;69
0;71;5900;473;100;618;-1;3;69
0;72;4976;1091;1024;1142;-2;2;64
0;73;4976;1091;495;1142;-2;3;72
0;74;4976;1091;495;20;-2;4;73
0;75;4976;1111;495;1122;578;4;73
0;76;5471;1091;495;1142;-2;3;72
0;77;5471;1091;495;20;-1;4;76
0;78;5471;1111;495;1122;579;4;76
0;79;5966;1091;34;1142;-1;3;72
0;80;4976;2233;1024;977;-2;2;64
0;81;4976;2233;473;977;508;3;80
0;82;5449;2233;507;977;-2;3;80
0;83;5449;2233;507;940;42;4;82
0;84;5449;3173;507;37;-1;4;82
0;85;5956;2233;44;977;-1;3;80
1;86;0;0;6000;3210;-2;0;
1;87;0;0;665;3210;-2;1;86
1;88;0;0;665;1346;-2;2;87
1;89;0;0;558;1346;-2;3;88
1;90;0;0;558;1314;207;4;89
1;91;0;1314;558;32;-1;4;89
1;92;558;0;107;1346;-1;3;88
1;93;0;1346;665;921;638;2;87
1;94;0;2267;665;921;639;2;87
1;95;0;3188;665;22;-1;2;87
1;96;665;0;3400;3210;-2;1;86
1;97;665;0;3400;523;-2;2;96
1;98;665;0;1700;523;247;3;97
1;99;2365;0;1700;523;248;3;97
1;100;665;523;3400;2148;-2;2;96
1;101;665;523;606;2148;1;3;100
1;102;1271;523;606;2148;2;3;100
1;103;1877;523;213;2148;-2;3;100
1;104;1877;523;213;2128;325;4;103
1;105;1877;2651;213;20;-1;4;103
1;106;2090;523;727;2148;-2;3;100
1;107;2090;523;727;110;-1;4;106
1;108;2090;633;727;2038;326;4;106
1;109;2817;523;606;2148;3;3;100
1;110;3423;523;606;2148;4;3;100
1;111;4029;523;36;2148;-1;3;100
1;112;665;2671;3400;539;-2;2;96
1;113;665;2671;1122;539;-2;3;112
1;114;665;2671;1122;44;-2;4;113
1;115;665;2715;1122;495;580;4;113
1;116;1787;2671;1122;539;-2;3;112
1;117;1787;2671;1122;44;-1;4;116
1;118;1787;2715;1122;495;581;4;116
1;119;2909;2671;1122;539;-2;3;112
1;120;2909;2671;1122;44;-1;4;119
1;121;2909;2715;1122;495;582;4;119
1;122;4031;2671;34;539;-1;3;112
1;123;4065;0;1912;3210;-2;1;86
1;124;4065;0;1912;1287;-2;2;123
1;125;4065;0;1082;1287;-2;3;124
1;126;4065;0;1082;1248;123;4;125
1;127;4065;1248;1082;39;-1;4;125
1;128;5147;0;830;1287;-2;3;124
1;129;5147;0;830;1207;43;4;128
1;130;5147;1207;830;80;-1;4;128
1;131;4065;1287;1912;1178;-2;2;123
1;132;4065;1287;473;1178;509;3;131
1;133;4538;1287;473;1178;510;3;131
1;134;5011;1287;473;1178;511;3;131
1;135;5484;1287;473;1178;512;3;131
1;136;5957;1287;20;1178;-1;3;131
1;137;4065;2465;1912;745;-2;2;123
1;138;4065;2465;1863;745;-2;3;137
1;139;4065;2465;1863;690;44;4;138
1;140;4065;3155;1863;55;-1;4;138
1;141;5928;2465;49;745;-1;3;137
1;142;5977;0;23;3210;-1;1;86
2;143;0;0;6000;3210;-2;0;
2;144;0;0;634;3210;-2;1;143
2;145;0;0;634;2148;-2;2;144
2;146;0;0;606;2148;5;3;145
2;147;606;0;28;2148;-1;3;145
2;148;0;2148;634;1062;-2;2;144
2;149;0;2148;614;1062;-2;3;148
2;150;0;2148;614;970;124;4;149
2;151;0;3118;614;92;-1;4;149
2;152;614;2148;20;1062;-1;3;148
2;153;634;0;1400;3210;-2;1;143
2;154;634;0;1400;2022;-2;2;153
2;155;634;0;456;2022;327;3;154
2;156;1090;0;456;2022;328;3;154
2;157;1546;0;488;2022;-2;3;154
2;158;1546;0;488;1995;83;4;157
2;159;1546;1995;488;27;-1;4;157
2;160;634;2022;1400;1188;-2;2;153
2;161;634;2022;495;1188;-2;3;160
2;162;634;2022;495;1122;583;4;161
2;163;634;3144;495;66;-1;4;161
2;164;1129;2022;495;1188;-2;3;160
2;165;1129;2022;495;1122;584;4;164
2;166;1129;3144;495;66;-1;4;164
2;167;1624;2022;371;1188;-2;3;160
2;168;1624;2022;371;1098;285;4;167
2;169;1624;3120;371;90;-1;4;167
2;170;1995;2022;39;1188;-1;3;160
2;171;2034;0;614;3210;-2;1;143
2;172;2034;0;614;1978;-2;2;171
2;173;2034;0;591;1978;45;3;172
2;174;2625;0;23;1978;-1;3;172
2;175;2034;1978;614;1232;-2;2;171
2;176;2034;1978;307;1232;-2;3;175
2;177;2034;1978;307;1208;125;4;176
2;178;2034;3186;307;24;-1;4;176
2;179;2341;1978;307;1232;-2;3;175
2;180;2341;1978;307;1208;126;4;179
2;181;2341;3186;307;24;-1;4;179
2;182;2648;0;1978;3210;-2;1;143
2;183;2648;0;1978;591;46;2;182
2;184;2648;591;1978;511;-2;2;182
2;185;2648;591;1908;511;329;3;184
2;186;4556;591;70;511;-1;3;184
2;187;2648;1102;1978;361;-2;2;182
2;188;2648;1102;973;361;286;3;187
2;189;3621;1102;973;361;287;3;187
2;190;4594;1102;32;361;-1;3;187
2;191;2648;1463;1978;511;-2;2;182
2;192;2648;1463;1908;511;330;3;191
2;193;4556;1463;70;511;-1;3;191
2;194;2648;1974;1978;511;-2;2;182
2;195;2648;1974;1908;511;331;3;194
2;196;4556;1974;70;511;-1;3;194
2;197;2648;2485;1978;725;-2;2;182
2;198;2648;2485;921;725;-2;3;197
2;199;2648;2485;921;693;640;4;198
2;200;2648;3178;921;32;-1;4;198
2;201;3569;2485;921;725;-2;3;197
2;202;3569;2485;921;693;641;4;201
2;203;3569;3178;921;32;-1;4;201
2;204;4490;2485;136;725;-1;3;197
2;205;4626;0;1026;3210;-2;1;143
2;206;4626;0;1026;1950;-2;2;205
2;207;4626;0;513;1950;-2;3;206
2;208;4626;0;513;1835;414;4;207
2;209;4626;1835;513;115;-1;4;207
2;210;5139;0;513;1950;-2;3;206
2;211;5139;0;513;1835;415;4;210
2;212;5139;1835;513;115;-1;4;210
2;213;4626;1950;1026;1260;-2;2;205
2;214;4626;1950;573;1260;416;3;213
2;215;5199;1950;453;1260;-2;3;213
2;216;5199;1950;453;132;-1;4;215
2;217;5199;2082;453;1128;165;4;215
2;218;5652;0;348;3210;-2;1;143
2;219;5652;0;348;588;47;2;218
2;220;5652;588;348;1420;-2;2;218
2;221;5652;588;324;1420;127;3;220
2;222;5976;588;24;1420;-1;3;220
2;223;5652;2008;348;588;48;2;218
2;224;5652;2596;348;588;49;2;218
2;225;5652;3184;348;26;-1;2;218
3;226;0;0;6000;3210;-2;0;
3;227;0;0;852;3210;-2;1;226
3;228;0;0;852;67;-1;2;227
3;229;0;67;852;1586;-2;2;227
3;230;0;67;820;1586;84;3;229
3;231;820;67;32;1586;-1;3;229
3;232;0;1653;852;1557;-2;2;227
3;233;0;1653;508;1557;-2;3;232
3;234;0;1653;508;1528;50;4;233
3;235;0;3181;508;29;-1;4;233
3;236;508;1653;324;1557;-2;3;232
3;237;508;1653;324;1420;128;4;236
3;238;508;3073;324;137;-1;4;236
3;239;832;1653;20;1557;-1;3;232
3;240;852;0;511;3210;-2;1;226
3;241;852;0;511;1908;332;2;240
3;242;852;1908;511;332;-2;2;240
3;243;852;1908;482;332;51;3;242
3;244;1334;1908;29;332;-1;3;242
3;245;852;2240;511;970;-2;2;240
3;246;852;2240;465;970;-2;3;245
3;247;852;2240;465;921;642;4;246
3;248;852;3161;465;49;-1;4;246
3;249;1317;2240;46;970;-1;3;245
3;250;1363;0;1178;3210;-2;1;226
3;251;1363;0;1178;1260;-2;2;250
3;252;1363;0;573;1260;417;3;251
3;253;1936;0;573;1260;418;3;251
3;254;2509;0;32;1260;-1;3;251
3;255;1363;1260;1178;495;-2;2;250
3;256;1363;1260;1122;495;585;3;255
3;257;2485;1260;56;495;-1;3;255
3;258;1363;1755;1178;473;513;2;250
3;259;1363;2228;1178;473;514;2;250
3;260;1363;2701;1178;509;-2;2;250
3;261;1363;2701;1139;509;-2;3;260
3;262;1363;2701;1139;473;545;4;261
3;263;1363;3174;1139;36;-1;4;261
3;264;2502;2701;39;509;-1;3;260
3;265;2541;0;495;3210;-2;1;226
3;266;2541;0;495;2043;586;2;265
3;267;2541;2043;495;1167;-2;2;265
3;268;2541;2043;473;1167;-2;3;267
3;269;2541;2043;473;1139;546;4;268
3;270;2541;3182;473;28;-1;4;268
3;271;3014;2043;22;1167;-1;3;267
3;272;3036;0;495;3210;-2;1;226
3;273;3036;0;495;2043;587;2;272
3;274;3036;2043;495;1167;-2;2;272
3;275;3036;2043;473;1167;-2;3;274
3;276;3036;2043;473;1139;547;4;275
3;277;3036;3182;473;28;-1;4;275
3;278;3509;2043;22;1167;-1;3;274
3;279;3531;0;1557;3210;-2;1;226
3;280;3531;0;1557;1490;-2;2;279
3;281;3531;0;764;1490;85;3;280
3;282;4295;0;764;1490;86;3;280
3;283;5059;0;29;1490;-1;3;280
3;284;3531;1490;1557;1720;-2;2;279
3;285;3531;1490;523;1720;-2;3;284
3;286;3531;1490;523;1700;249;4;285
3;287;3531;3190;523;20;-1;4;285
3;288;4054;1490;523;1720;-2;3;284
3;289;4054;1490;523;1700;250;4;288
3;290;4054;3190;523;20;-1;4;288
3;291;4577;1490;491;1720;-2;3;284
3;292;4577;1490;491;1700;251;4;291
3;293;4577;3190;491;20;-1;4;291
3;294;5068;1490;20;1720;-1;3;284
3;295;5088;0;912;3210;-2;1;226
3;296;5088;0;912;1057;-2;2;295
3;297;5088;0;828;1057;129;3;296
3;298;5916;0;84;1057;-1;3;296
3;299;5088;1057;912;329;-2;2;295
3;300;5088;1057;779;329;367;3;299
3;301;5867;1057;133;329;-1;3;299
3;302;5088;1386;912;1824;-2;2;295
3;303;5088;1386;421;1824;-2;3;302
3;304;5088;1386;421;1783;515;4;303
3;305;5088;3169;421;41;-1;4;303
3;306;5509;1386;491;1824;-2;3;302
3;307;5509;1386;491;1700;252;4;306
3;308;5509;3086;491;124;-1;4;306
4;309;0;0;6000;3210;-2;0;
4;310;0;0;1314;3210;-2;1;309
4;311;0;0;1314;1614;-2;2;310
4;312;0;0;784;1614;-2;3;311
4;313;0;0;784;1520;87;4;312
4;314;0;1520;784;94;-1;4;312
4;315;784;0;530;1614;622;3;311
4;316;0;1614;1314;558;208;2;310
4;317;0;2172;1314;1038;-2;2;310
4;318;0;2172;938;1038;-2;3;317
4;319;0;2172;938;1018;130;4;318
4;320;0;3190;938;20;-1;4;318
4;321;938;2172;329;1038;-2;3;317
4;322;938;2172;329;1016;368;4;321
4;323;938;3188;329;22;-1;4;321
4;324;1267;2172;47;1038;-1;3;317
4;325;1314;0;1956;3210;-2;1;309
4;326;1314;0;1956;511;-2;2;325
4;327;1314;0;1908;511;333;3;326
4;328;3222;0;48;511;-1;3;326
4;329;1314;511;1956;511;-2;2;325
4;330;1314;511;1908;511;334;3;329
4;331;3222;511;48;511;-1;3;329
4;332;1314;1022;1956;1128;-2;2;325
4;333;1314;1022;489;1128;253;3;332
4;334;1803;1022;489;1128;254;3;332
4;335;2292;1022;489;1128;255;3;332
4;336;2781;1022;489;1128;256;3;332
4;337;1314;2150;1956;495;-2;2;325
4;338;1314;2150;922;495;597;3;337
4;339;2236;2150;922;495;598;3;337
4;340;3158;2150;112;495;-1;3;337
4;341;1314;2645;1956;565;-2;2;325
4;342;1314;2645;1786;565;-2;3;341
4;343;1314;2645;1786;533;131;4;342
4;344;1314;3178;1786;32;-1;4;342
4;345;3100;2645;170;565;-1;3;341
4;346;3270;0;1599;3210;-2;1;309
4;347;3270;0;1599;1786;-2;2;346
4;348;3270;0;533;1786;132;3;347
4;349;3803;0;533;1786;133;3;347
4;350;4336;0;533;1786;134;3;347
4;351;3270;1786;1599;598;-2;2;346
4;352;3270;1786;1528;598;52;3;351
4;353;4798;1786;71;598;-1;3;351
4;354;3270;2384;1599;826;-2;2;346
4;355;3270;2384;1520;826;-2;3;354
4;356;3270;2384;1520;784;88;4;355
4;357;3270;3168;1520;42;-1;4;355
4;358;4790;2384;79;826;-1;3;354
4;359;4869;0;421;3210;-2;1;309
4;360;4869;0;421;1783;516;2;359
4;361;4869;1783;421;1427;-2;2;359
4;362;4869;1783;377;1427;-2;3;361
4;363;4869;1783;377;1382;6;4;362
4;364;4869;3165;377;45;-1;4;362
4;365;5246;1783;44;1427;-1;3;361
4;366;5290;0;710;3210;-2;1;309
4;367;5290;0;710;1046;135;2;366
4;368;5290;1046;710;700;209;2;366
4;369;5290;1746;710;640;210;2;366
4;370;5290;2386;710;824;-2;2;366
4;371;5290;2386;667;824;-2;3;370
4;372;5290;2386;667;778;623;4;371
4;373;5290;3164;667;46;-1;4;371
4;374;5957;2386;43;824;-1;3;370
5;375;0;0;6000;3210;-2;0;
5;376;0;0;557;3210;-2;1;375
5;377;0;0;557;1998;335;2;376
5;378;0;1998;557;1212;-2;2;376
5;379;0;1998;453;1212;-2;3;378
5;380;0;1998;453;1128;166;4;379
5;381;0;3126;453;84;-1;4;379
5;382;453;1998;104;1212;-1;3;378
5;383;557;0;1972;3210;-2;1;375
5;384;557;0;1972;555;-2;2;383
5;385;557;0;1949;555;7;3;384
5;386;2506;0;23;555;-1;3;384
5;387;557;555;1972;1485;-2;2;383
5;388;557;555;488;1485;136;3;387
5;389;1045;555;488;1485;137;3;387
5;390;1533;555;488;1485;138;3;387
5;391;2021;555;488;1485;139;3;387
5;392;2509;555;20;1485;-1;3;387
5;393;557;2040;1972;555;-2;2;383
5;394;557;2040;1949;555;8;3;393
5;395;2506;2040;23;555;-1;3;393
5;396;557;2595;1972;615;-2;2;383
5;397;557;2595;973;615;-2;3;396
5;398;557;2595;973;553;211;4;397
5;399;557;3148;973;62;-1;4;397
5;400;1530;2595;973;615;-2;3;396
5;401;1530;2595;973;553;212;4;400
5;402;1530;3148;973;62;-1;4;400
5;403;2503;2595;26;615;-1;3;396
5;404;2529;0;1216;3210;-2;1;375
5;405;2529;0;1216;415;-2;2;404
5;406;2529;0;1195;415;-2;3;405
5;407;2529;0;1195;383;140;4;406
5;408;2529;383;1195;32;-1;4;406
5;409;3724;0;21;415;-1;3;405
5;410;2529;415;1216;383;-2;2;404
5;411;2529;415;1195;383;141;3;410
5;412;3724;415;21;383;-1;3;410
5;413;2529;798;1216;1528;-2;2;404
5;414;2529;798;598;1528;53;3;413
5;415;3127;798;598;1528;54;3;413
5;416;3725;798;20;1528;-1;3;413
5;417;2529;2326;1216;314;-2;2;404
5;418;2529;2326;580;314;89;3;417
5;419;3109;2326;580;314;90;3;417
5;420;3689;2326;56;314;-1;3;417
5;421;2529;2640;1216;570;-2;2;404
5;422;2529;2640;1094;570;-2;3;421
5;423;2529;2640;1094;92;-2;4;422
5;424;2529;2732;1094;478;449;4;422
5;425;3623;2640;122;570;-1;3;421
5;426;3745;0;1464;3210;-2;1;375
5;427;3745;0;1464;1995;-2;2;426
5;428;3745;0;488;1995;142;3;427
5;429;4233;0;488;1995;143;3;427
5;430;4721;0;488;1995;144;3;427
5;431;3745;1995;1464;1215;-2;2;426
5;432;3745;1995;972;1215;-2;3;431
5;433;3745;1995;972;1128;9;4;432
5;434;3745;3123;972;87;-1;4;432
5;435;4717;1995;453;1215;-2;3;431
5;436;4717;1995;453;1128;167;4;435
5;437;4717;3123;453;87;-1;4;435
5;438;5170;1995;39;1215;-1;3;431
5;439;5209;0;767;3210;-2;1;375
5;440;5209;0;767;1122;588;2;439
5;441;5209;1122;767;443;-2;2;439
5;442;5209;1122;733;443;168;3;441
5;443;5942;1122;34;443;-1;3;441
5;444;5209;1565;767;43;-1;2;439
5;445;5209;1608;767;1122;589;2;439
5;446;5209;2730;767;480;-2;2;439
5;447;5209;2730;733;480;-2;3;446
5;448;5209;2730;733;443;169;4;447
5;449;5209;3173;733;37;-1;4;447
5;450;5942;2730;34;480;-1;3;446
5;451;5976;0;24;3210;-1;1;375
6;452;0;0;6000;3210;-2;0;
6;453;0;0;1114;3210;-2;1;452
6;454;0;0;1114;1908;-2;2;453
6;455;0;0;557;1908;336;3;454
6;456;557;0;557;1908;337;3;454
6;457;0;1908;1114;473;-2;2;453
6;458;0;1908;1080;473;257;3;457
6;459;1080;1908;34;473;-1;3;457
6;460;0;2381;1114;473;-2;2;453
6;461;0;2381;1080;473;258;3;460
6;462;1080;2381;34;473;-1;3;460
6;463;0;2854;1114;356;-2;2;453
6;464;0;2854;1016;356;-2;3;463
6;465;0;2854;1016;329;369;4;464
6;466;0;3183;1016;27;-1;4;464
6;467;1016;2854;98;356;-1;3;463
6;468;1114;0;557;3210;-2;1;452
6;469;1114;0;557;1998;338;2;468
6;470;1114;1998;557;1212;-2;2;468
6;471;1114;1998;522;1212;-2;3;470
6;472;1114;1998;522;1172;288;4;471
6;473;1114;3170;522;40;-1;4;471
6;474;1636;1998;35;1212;-1;3;470
6;475;1671;0;1840;3210;-2;1;452
6;476;1671;0;1840;383;91;2;475
6;477;1671;383;1840;383;92;2;475
6;478;1671;766;1840;403;93;2;475
6;479;1671;1169;1840;403;94;2;475
6;480;1671;1572;1840;390;95;2;475
6;481;1671;1962;1840;390;96;2;475
6;482;1671;2352;1840;478;-2;2;475
6;483;1671;2352;1803;478;450;3;482
6;484;3474;2352;37;478;-1;3;482
6;485;1671;2830;1840;380;-2;2;475
6;486;1671;2830;952;380;-2;3;485
6;487;1671;2830;952;335;145;4;486
6;488;1671;3165;952;45;-1;4;486
6;489;2623;2830;779;380;-2;3;485
6;490;2623;2830;779;329;370;4;489
6;491;2623;3159;779;51;-1;4;489
6;492;3402;2830;109;380;-1;3;485
6;493;3511;0;1865;3210;-2;1;452
6;494;3511;0;1865;398;97;2;493
6;495;3511;398;1865;398;98;2;493
6;496;3511;796;1865;398;99;2;493
6;497;3511;1194;1865;398;100;2;493
6;498;3511;1592;1865;478;-2;2;493
6;499;3511;1592;1803;478;451;3;498
6;500;5314;1592;62;478;-1;3;498
6;501;3511;2070;1865;421;-2;2;493
6;502;3511;2070;1783;421;517;3;501
6;503;5294;2070;82;421;-1;3;501
6;504;3511;2491;1865;719;-2;2;493
6;505;3511;2491;1522;719;-2;3;504
6;506;3511;2491;1522;669;599;4;505
6;507;3511;3160;1522;50;-1;4;505
6;508;5033;2491;254;719;-2;3;504
6;509;5033;2491;254;609;452;4;508
6;510;5033;3100;254;110;-1;4;508
6;511;5287;2491;89;719;-1;3;504
6;512;5376;0;624;3210;-2;1;452
6;513;5376;0;624;1528;-2;2;512
6;514;5376;0;598;1528;55;3;513
6;515;5974;0;26;1528;-1;3;513
6;516;5376;1528;624;1218;-2;2;512
6;517;5376;1528;601;1218;56;3;516
6;518;5977;1528;23;1218;-1;3;516
6;519;5376;2746;624;464;-2;2;512
6;520;5376;2746;583;464;-2;3;519
6;521;5376;2746;583;428;339;4;520
6;522;5376;3174;583;36;-1;4;520
6;523;5959;2746;41;464;-1;3;519
7;524;0;0;6000;3210;-2;0;
7;525;0;0;2196;3210;-2;1;524
7;526;0;0;2196;1033;-2;2;525
7;527;0;0;543;1033;170;3;526
7;528;543;0;543;1033;171;3;526
7;529;1086;0;543;1033;172;3;526
7;530;1629;0;543;1033;173;3;526
7;531;2172;0;24;1033;-1;3;526
7;532;0;1033;2196;371;-2;2;525
7;533;0;1033;1098;371;340;3;532
7;534;1098;1033;1098;371;341;3;532
7;535;0;1404;2196;371;-2;2;525
7;536;0;1404;1098;371;342;3;535
7;537;1098;1404;1098;371;343;3;535
7;538;0;1775;2196;463;-2;2;525
7;539;0;1775;1080;463;259;3;538
7;540;1080;1775;1080;463;260;3;538
7;541;2160;1775;36;463;-1;3;538
7;542;0;2238;2196;972;-2;2;525
7;543;0;2238;1126;972;10;3;542
7;544;1126;2238;669;972;-2;3;542
7;545;1126;2238;669;921;600;4;544
7;546;1126;3159;669;51;-1;4;544
7;547;1795;2238;335;972;-2;3;542
7;548;1795;2238;335;20;-1;4;547
7;549;1795;2258;335;952;146;4;547
7;550;2130;2238;66;972;-1;3;542
7;551;2196;0;921;3210;-2;1;524
7;552;2196;0;921;395;-2;2;551
7;553;2196;0;878;395;624;3;552
7;554;3074;0;43;395;-1;3;552
7;555;2196;395;921;395;-2;2;551
7;556;2196;395;878;395;625;3;555
7;557;3074;395;43;395;-1;3;555
7;558;2196;790;921;694;590;2;551
7;559;2196;1484;921;1038;-2;2;551
7;560;2196;1484;335;1038;-2;3;559
7;561;2196;1484;335;952;147;4;560
7;562;2196;2436;335;86;-1;4;560
7;563;2531;1484;25;1038;-1;3;559
7;564;2556;1484;533;1038;174;3;559
7;565;3089;1484;28;1038;-1;3;559
7;566;2196;2522;921;665;643;2;551
7;567;2196;3187;921;23;-1;2;551
7;568;3117;0;972;3210;-2;1;524
7;569;3117;0;972;1142;11;2;568
7;570;3117;1142;972;2068;-2;2;568
7;571;3117;1142;473;2068;-2;3;570
7;572;3117;1142;473;2007;261;4;571
7;573;3117;3149;473;61;-1;4;571
7;574;3590;1142;473;2068;-2;3;570
7;575;3590;1142;473;2007;262;4;574
7;576;3590;3149;473;61;-1;4;574
7;577;4063;1142;26;2068;-1;3;570
7;578;4089;0;495;3210;-2;1;524
7;579;4089;0;495;2000;626;2;578
7;580;4089;2000;495;1210;-2;2;578
7;581;4089;2000;473;1210;-2;3;580
7;582;4089;2000;473;1139;548;4;581
7;583;4089;3139;473;71;-1;4;581
7;584;4562;2000;22;1210;-1;3;580
7;585;4584;0;495;3210;-2;1;524
7;586;4584;0;495;2000;627;2;585
7;587;4584;2000;495;1210;-2;2;585
7;588;4584;2000;473;1210;-2;3;587
7;589;4584;2000;473;1139;549;4;588
7;590;4584;3139;473;71;-1;4;588
7;591;5057;2000;22;1210;-1;3;587
7;592;5079;0;921;3210;-2;1;524
7;593;5079;0;921;695;628;2;592
7;594;5079;695;921;695;629;2;592
7;595;5079;1390;921;1094;-2;2;592
7;596;5079;1390;478;1094;518;3;595
7;597;5557;1390;20;1094;-1;3;595
7;598;5577;1390;335;1094;-2;3;595
7;599;5577;1390;335;952;148;4;598
7;600;5577;2342;335;142;-1;4;598
7;601;5912;1390;88;1094;-1;3;595
7;602;5079;2484;921;694;591;2;592
7;603;5079;3178;921;32;-1;2;592
8;604;0;0;6000;3210;-2;0;
8;605;0;0;1772;3210;-2;1;604
8;606;0;0;1772;507;-2;2;605
8;607;0;0;1742;507;149;3;606
8;608;1742;0;30;507;-1;3;606
8;609;0;507;1772;507;-2;2;605
8;610;0;507;1742;507;150;3;609
8;611;1742;507;30;507;-1;3;609
8;612;0;1014;1772;505;-2;2;605
8;613;0;1014;1703;505;453;3;612
8;614;1703;1014;69;505;-1;3;612
8;615;0;1519;1772;1142;-2;2;605
8;616;0;1519;443;1142;12;3;615
8;617;443;1519;443;1142;13;3;615
8;618;886;1519;443;1142;14;3;615
8;619;1329;1519;443;1142;15;3;615
8;620;0;2661;1772;549;-2;2;605
8;621;0;2661;1730;549;-2;3;620
8;622;0;2661;1730;517;151;4;621
8;623;0;3178;1730;32;-1;4;621
8;624;1730;2661;42;549;-1;3;620
8;625;1772;0;517;3210;-2;1;604
8;626;1772;0;517;1730;152;2;625
8;627;1772;1730;517;166;-1;2;625
8;628;1772;1896;517;1314;-2;2;625
8;629;1772;1896;458;1314;263;3;628
8;630;2230;1896;59;1314;-1;3;628
8;631;2289;0;543;3210;-2;1;604
8;632;2289;0;543;2095;16;2;631
8;633;2289;2095;543;1115;-2;2;631
8;634;2289;2095;503;1115;-2;3;633
8;635;2289;2095;503;1063;213;4;634
8;636;2289;3158;503;52;-1;4;634
8;637;2792;2095;40;1115;-1;3;633
8;638;2832;0;2132;3210;-2;1;604
8;639;2832;0;2132;543;-2;2;638
8;640;2832;0;2095;543;17;3;639
8;641;4927;0;37;543;-1;3;639
8;642;2832;543;2132;1038;-2;2;638
8;643;2832;543;533;1038;175;3;642
8;644;3365;543;533;1038;176;3;642
8;645;3898;543;533;1038;177;3;642
8;646;4431;543;533;1038;178;3;642
8;647;2832;1581;2132;533;-2;2;638
8;648;2832;1581;1038;533;179;3;647
8;649;3870;1581;1038;533;180;3;647
8;650;4908;1581;56;533;-1;3;647
8;651;2832;2114;2132;533;-2;2;638
8;652;2832;2114;1038;533;181;3;651
8;653;3870;2114;1038;533;182;3;651
8;654;4908;2114;56;533;-1;3;651
8;655;2832;2647;2132;563;-2;2;638
8;656;2832;2647;2041;563;-2;3;655
8;657;2832;2647;2041;543;183;4;656
8;658;2832;3190;2041;20;-1;4;656
8;659;4873;2647;91;563;-1;3;655
8;660;4964;0;1010;3210;-2;1;604
8;661;4964;0;1010;1670;-2;2;660
8;662;4964;0;505;1670;454;3;661
8;663;5469;0;505;1670;455;3;661
8;664;4964;1670;1010;1094;-2;2;660
8;665;4964;1670;478;1094;519;3;664
8;666;5442;1670;478;1094;520;3;664
8;667;5920;1670;54;1094;-1;3;664
8;668;4964;2764;1010;446;-2;2;660
8;669;4964;2764;929;446;-2;3;668
8;670;4964;2764;929;404;289;4;669
8;671;4964;3168;929;42;-1;4;669
8;672;5893;2764;81;446;-1;3;668
8;673;5974;0;26;3210;-1;1;604
9;674;0;0;6000;3210;-2;0;
9;675;0;0;2796;3210;-2;1;674
9;676;0;0;2796;1121;-2;2;675
9;677;0;0;693;1121;644;3;676
9;678;693;0;693;1121;645;3;676
9;679;1386;0;693;1121;646;3;676
9;680;2079;0;693;1121;647;3;676
9;681;2772;0;24;1121;-1;3;676
9;682;0;1121;2796;921;-2;2;675
9;683;0;1121;694;921;592;3;682
9;684;694;1121;694;921;593;3;682
9;685;1388;1121;694;921;594;3;682
9;686;2082;1121;694;921;595;3;682
9;687;2776;1121;20;921;-1;3;682
9;688;0;2042;2796;1168;-2;2;675
9;689;0;2042;669;1168;-2;3;688
9;690;0;2042;669;1122;601;4;689
9;691;0;3164;669;46;-1;4;689
9;692;669;2042;669;1168;-2;3;688
9;693;669;2042;669;1122;602;4;692
9;694;669;3164;669;46;-1;4;692
9;695;1338;2042;669;1168;-2;3;688
9;696;1338;2042;669;1122;603;4;695
9;697;1338;3164;669;46;-1;4;695
9;698;2007;2042;669;1168;-2;3;688
9;699;2007;2042;669;1122;604;4;698
9;700;2007;3164;669;46;-1;4;698
9;701;2676;2042;120;1168;-1;3;688
9;702;2796;0;865;3210;-2;1;674
9;703;2796;0;865;1421;648;2;702
9;704;2796;1421;865;1421;649;2;702
9;705;2796;2842;865;368;-2;2;702
9;706;2796;2842;779;368;-2;3;705
9;707;2796;2842;779;329;371;4;706
9;708;2796;3171;779;39;-1;4;706
9;709;3575;2842;86;368;-1;3;705
9;710;3661;0;1730;3210;-2;1;674
9;711;3661;0;1730;1421;-2;2;710
9;712;3661;0;865;1421;650;3;711
9;713;4526;0;865;1421;651;3;711
9;714;3661;1421;1730;505;-2;2;710
9;715;3661;1421;1703;505;456;3;714
9;716;5364;1421;27;505;-1;3;714
9;717;3661;1926;1730;1284;-2;2;710
9;718;3661;1926;601;1284;-2;3;717
9;719;3661;1926;601;1218;57;4;718
9;720;3661;3144;601;66;-1;4;718
9;721;4262;1926;573;1284;-2;3;717
9;722;4262;1926;573;1260;419;4;721
9;723;4262;3186;573;24;-1;4;721
9;724;4835;1926;473;1284;-2;3;717
9;725;4835;1926;473;1139;550;4;724
9;726;4835;3065;473;145;-1;4;724
9;727;5308;1926;83;1284;-1;3;717
9;728;5391;0;609;3210;-2;1;674
9;729;5391;0;609;1510;-2;2;728
9;730;5391;0;576;1510;153;3;729
9;731;5967;0;33;1510;-1;3;729
9;732;5391;1510;609;1700;-2;2;728
9;733;5391;1510;573;1700;-2;3;732
9;734;5391;1510;573;1680;420;4;733
9;735;5391;3190;573;20;-1;4;733
9;736;5964;1510;36;1700;-1;3;732
10;737;0;0;6000;3210;-2;0;
10;738;0;0;1728;3210;-2;1;737
10;739;0;0;1728;1510;-2;2;738
10;740;0;0;576;1510;154;3;739
10;741;576;0;576;1510;155;3;739
10;742;1152;0;576;1510;156;3;739
10;743;0;1510;1728;573;-2;2;738
10;744;0;1510;1680;573;421;3;743
10;745;1680;1510;48;573;-1;3;743
10;746;0;2083;1728;1127;-2;2;738
10;747;0;2083;371;1127;-2;3;746
10;748;0;2083;371;1098;344;4;747
10;749;0;3181;371;29;-1;4;747
10;750;371;2083;503;1127;-2;3;746
10;751;371;2083;503;973;214;4;750
10;752;371;3056;503;154;-1;4;750
10;753;874;2083;503;1127;-2;3;746
10;754;874;2083;503;973;215;4;753
10;755;874;3056;503;154;-1;4;753
10;756;1377;2083;321;1127;-2;3;746
10;757;1377;2083;321;1000;422;4;756
10;758;1377;3083;321;127;-1;4;756
10;759;1698;2083;30;1127;-1;3;746
10;760;1728;0;543;3210;-2;1;737
10;761;1728;0;543;2041;184;2;760
10;762;1728;2041;543;1169;-2;2;760
10;763;1728;2041;503;1169;-2;3;762
10;764;1728;2041;503;1063;216;4;763
10;765;1728;3104;503;106;-1;4;763
10;766;2231;2041;40;1169;-1;3;762
10;767;2271;0;1006;3210;-2;1;737
10;768;2271;0;1006;1666;-2;2;767
10;769;2271;0;503;1666;217;3;768
10;770;2774;0;503;1666;218;3;768
10;771;2271;1666;1006;759;-2;2;767
10;772;2271;1666;979;759;605;3;771
10;773;3250;1666;27;759;-1;3;771
10;774;2271;2425;1006;785;-2;2;767
10;775;2271;2425;944;785;-2;3;774
10;776;2271;2425;944;724;457;4;775
10;777;2271;3149;944;61;-1;4;775
10;778;3215;2425;62;785;-1;3;774
10;779;3277;0;601;3210;-2;1;737
10;780;3277;0;601;1528;58;2;779
10;781;3277;1528;601;1528;59;2;779
10;782;3277;3056;601;154;-1;2;779
10;783;3878;0;503;3210;-2;1;737
10;784;3878;0;503;1621;219;2;783
10;785;3878;1621;503;778;-2;2;783
10;786;3878;1621;398;778;18;3;785
10;787;4276;1621;105;778;-1;3;785
10;788;3878;2399;503;811;-2;2;783
10;789;3878;2399;398;811;-2;3;788
10;790;3878;2399;398;778;19;4;789
10;791;3878;3177;398;33;-1;4;789
10;792;4276;2399;105;811;-1;3;788
10;793;4381;0;944;3210;-2;1;737
10;794;4381;0;944;970;-2;2;793
10;795;4381;0;769;970;-2;3;794
10;796;4381;0;769;921;630;4;795
10;797;4381;921;769;49;-1;4;795
10;798;5150;0;175;970;-1;3;794
10;799;4381;970;944;724;458;2;793
10;800;4381;1694;944;724;459;2;793
10;801;4381;2418;944;792;-2;2;793
10;802;4381;2418;921;792;-2;3;801
10;803;4381;2418;921;767;596;4;802
10;804;4381;3185;921;25;-1;4;802
10;805;5302;2418;23;792;-1;3;801
10;806;5325;0;675;3210;-2;1;737
10;807;5325;0;675;522;-2;2;806
10;808;5325;0;590;522;-2;3;807
10;809;5325;0;590;494;460;4;808
10;810;5325;494;590;28;-1;4;808
10;811;5915;0;85;522;-1;3;807
10;812;5325;522;675;840;-2;2;806
10;813;5325;522;647;840;101;3;812
10;814;5972;522;28;840;-1;3;812
10;815;5325;1362;675;1041;-2;2;806
10;816;5325;1362;620;1041;345;3;815
10;817;5945;1362;55;1041;-1;3;815
10;818;5325;2403;675;494;-2;2;806
10;819;5325;2403;26;494;-1;3;818
10;820;5351;2403;610;494;461;3;818
10;821;5961;2403;39;494;-1;3;818
10;822;5325;2897;675;313;-2;2;806
10;823;5325;2897;529;313;-2;3;822
10;824;5325;2897;529;267;652;4;823
10;825;5325;3164;529;46;-1;4;823
10;826;5854;2897;146;313;-1;3;822
11;827;0;0;6000;3210;-2;0;
11;828;0;0;478;3210;-2;1;827
11;829;0;0;478;1044;-2;2;828
11;830;0;0;418;1044;462;3;829
11;831;418;0;60;1044;-1;3;829
11;832;0;1044;478;1094;521;2;828
11;833;0;2138;478;1072;-2;2;828
11;834;0;2138;418;1072;-2;3;833
11;835;0;2138;418;1044;463;4;834
11;836;0;3182;418;28;-1;4;834
11;837;418;2138;60;1072;-1;3;833
11;838;478;0;826;3210;-2;1;827
11;839;478;0;826;949;-2;2;838
11;840;478;0;399;949;-2;3;839
11;841;478;0;399;929;290;4;840
11;842;478;929;399;20;-1;4;840
11;843;877;0;399;949;-2;3;839
11;844;877;0;399;929;291;4;843
11;845;877;929;399;20;-1;4;843
11;846;1276;0;28;949;-1;3;839
11;847;478;949;826;1979;20;2;838
11;848;478;2928;826;282;-2;2;838
11;849;478;2928;549;282;-2;3;848
11;850;478;2928;549;262;653;4;849
11;851;478;3190;549;20;-1;4;849
11;852;1027;2928;277;282;-1;3;848
11;853;1304;0;1835;3210;-2;1;827
11;854;1304;0;1835;513;464;2;853
11;855;1304;513;1835;568;-2;2;853
11;856;1304;513;74;568;-1;3;855
11;857;1378;513;1739;568;551;3;855
11;858;3117;513;22;568;-1;3;855
11;859;1304;1081;1835;513;465;2;853
11;860;1304;1594;1835;513;466;2;853
11;861;1304;2107;1835;513;467;2;853
11;862;1304;2620;1835;513;468;2;853
11;863;1304;3133;1835;77;-1;2;853
11;864;3139;0;826;3210;-2;1;827
11;865;3139;0;826;1979;21;2;864
11;866;3139;1979;826;530;185;2;864
11;867;3139;2509;826;321;-2;2;864
11;868;3139;2509;779;321;423;3;867
11;869;3918;2509;47;321;-1;3;867
11;870;3139;2830;826;380;-2;2;864
11;871;3139;2830;740;380;-2;3;870
11;872;3139;2830;740;360;346;4;871
11;873;3139;3190;740;20;-1;4;871
11;874;3879;2830;86;380;-1;3;870
11;875;3965;0;568;3210;-2;1;827
11;876;3965;0;568;1739;552;2;875
11;877;3965;1739;568;1045;-2;2;875
11;878;3965;1739;533;1045;372;3;877
11;879;4498;1739;35;1045;-1;3;877
11;880;3965;2784;568;426;-2;2;875
11;881;3965;2784;529;426;-2;3;880
11;882;3965;2784;529;404;292;4;881
11;883;3965;3188;529;22;-1;4;881
11;884;4494;2784;39;426;-1;3;880
11;885;4533;0;1467;3210;-2;1;827
11;886;4533;0;1467;1800;-2;2;885
11;887;4533;0;723;1800;553;3;886
11;888;5256;0;723;1800;554;3;886
11;889;5979;0;21;1800;-1;3;886
11;890;4533;1800;1467;1410;-2;2;885
11;891;4533;1800;712;1410;-2;3;890
11;892;4533;1800;712;1367;157;4;891
11;893;4533;3167;712;43;-1;4;891
11;894;5245;1800;730;1410;-2;3;890
11;895;5245;1800;730;1277;102;4;894
11;896;5245;3077;730;133;-1;4;894
11;897;5975;1800;25;1410;-1;3;890
12;898;0;0;6000;3210;-2;0;
12;899;0;0;1680;3210;-2;1;898
12;900;0;0;1680;1360;-2;2;899
12;901;0;0;420;1360;103;3;900
12;902;420;0;420;1360;104;3;900
12;903;840;0;420;1360;105;3;900
12;904;1260;0;420;1360;106;3;900
12;905;0;1360;1680;503;-2;2;899
12;906;0;1360;1621;503;220;3;905
12;907;1621;1360;59;503;-1;3;905
12;908;0;1863;1680;503;-2;2;899
12;909;0;1863;1621;503;221;3;908
12;910;1621;1863;59;503;-1;3;908
12;911;0;2366;1680;844;-2;2;899
12;912;0;2366;515;844;-2;3;911
12;913;0;2366;515;810;158;4;912
12;914;0;3176;515;34;-1;4;912
12;915;515;2366;515;844;-2;3;911
12;916;515;2366;515;810;159;4;915
12;917;515;3176;515;34;-1;4;915
12;918;1030;2366;533;844;-2;3;911
12;919;1030;2366;533;824;373;4;918
12;920;1030;3190;533;20;-1;4;918
12;921;1563;2366;117;844;-1;3;911
12;922;1680;0;1093;3210;-2;1;898
12;923;1680;0;1093;1226;-2;2;922
12;924;1680;0;530;1226;186;3;923
12;925;2210;0;530;1226;187;3;923
12;926;2740;0;33;1226;-1;3;923
12;927;1680;1226;1093;533;-2;2;922
12;928;1680;1226;1000;533;374;3;927
12;929;2680;1226;93;533;-1;3;927
12;930;1680;1759;1093;321;-2;2;922
12;931;1680;1759;1000;321;424;3;930
12;932;2680;1759;93;321;-1;3;930
12;933;1680;2080;1093;681;555;2;922
12;934;1680;2761;1093;449;-2;2;922
12;935;1680;2761;1044;449;-2;3;934
12;936;1680;2761;1044;418;469;4;935
12;937;1680;3179;1044;31;-1;4;935
12;938;2724;2761;49;449;-1;3;934
12;939;2773;0;966;3210;-2;1;898
12;940;2773;0;966;1117;107;2;939
12;941;2773;1117;966;1117;108;2;939
12;942;2773;2234;966;976;-2;2;939
12;943;2773;2234;495;976;-2;3;942
12;944;2773;2234;495;921;631;4;943
12;945;2773;3155;495;55;-1;4;943
12;946;3268;2234;399;976;-2;3;942
12;947;3268;2234;399;929;293;4;946
12;948;3268;3163;399;47;-1;4;946
12;949;3667;2234;72;976;-1;3;942
12;950;3739;0;1116;3210;-2;1;898
12;951;3739;0;1116;929;-2;2;950
12;952;3739;0;558;929;294;3;951
12;953;4297;0;558;929;295;3;951
12;954;3739;929;1116;478;-2;2;950
12;955;3739;929;1094;478;522;3;954
12;956;4833;929;22;478;-1;3;954
12;957;3739;1407;1116;681;-2;2;950
12;958;3739;1407;1093;681;556;3;957
12;959;4832;1407;23;681;-1;3;957
12;960;3739;2088;1116;682;-2;2;950
12;961;3739;2088;1093;682;557;3;960
12;962;4832;2088;23;682;-1;3;960
12;963;3739;2770;1116;440;-2;2;950
12;964;3739;2770;1044;440;-2;3;963
12;965;3739;2770;1044;418;470;4;964
12;966;3739;3188;1044;22;-1;4;964
12;967;4783;2770;72;440;-1;3;963
12;968;4855;0;513;3210;-2;1;898
12;969;4855;0;513;1835;471;2;968
12;970;4855;1835;513;1375;-2;2;968
12;971;4855;1835;458;1375;-2;3;970
12;972;4855;1835;458;1314;264;4;971
12;973;4855;3149;458;61;-1;4;971
12;974;5313;1835;55;1375;-1;3;970
12;975;5368;0;596;3210;-2;1;898
12;976;5368;0;596;1208;60;2;975
12;977;5368;1208;596;940;-2;2;975
12;978;5368;1208;558;940;296;3;977
12;979;5926;1208;38;940;-1;3;977
12;980;5368;2148;596;1062;-2;2;975
12;981;5368;2148;558;1062;-2;3;980
12;982;5368;2148;558;940;297;4;981
12;983;5368;3088;558;122;-1;4;981
12;984;5926;2148;38;1062;-1;3;980
12;985;5964;0;36;3210;-1;1;898
13;986;0;0;6000;3210;-2;0;
13;987;0;0;2052;3210;-2;1;986
13;988;0;0;2052;1835;-2;2;987
13;989;0;0;513;1835;472;3;988
13;990;513;0;513;1835;473;3;988
13;991;1026;0;513;1835;474;3;988
13;992;1539;0;513;1835;475;3;988
13;993;0;1835;2052;923;-2;2;987
13;994;0;1835;2023;923;109;3;993
13;995;2023;1835;29;923;-1;3;993
13;996;0;2758;2052;452;-2;2;987
13;997;0;2758;1458;452;-2;3;996
13;998;0;2758;1458;430;265;4;997
13;999;0;3188;1458;22;-1;4;997
13;1000;1458;2758;554;452;-2;3;996
13;1001;1458;2758;554;175;-1;4;1000
13;1002;1458;2933;554;277;654;4;1000
13;1003;2012;2758;40;452;-1;3;996
13;1004;2052;0;2104;3210;-2;1;986
13;1005;2052;0;2104;1735;-2;2;1004
13;1006;2052;0;526;1735;110;3;1005
13;1007;2578;0;526;1735;111;3;1005
13;1008;3104;0;526;1735;112;3;1005
13;1009;3630;0;526;1735;113;3;1005
13;1010;2052;1735;2104;230;-2;2;1004
13;1011;2052;1735;1918;230;347;3;1010
13;1012;3970;1735;186;230;-1;3;1010
13;1013;2052;1965;2104;1245;-2;2;1004
13;1014;2052;1965;515;1245;-2;3;1013
13;1015;2052;1965;515;1210;160;4;1014
13;1016;2052;3175;515;35;-1;4;1014
13;1017;2567;1965;596;1245;-2;3;1013
13;1018;2567;1965;596;1208;61;4;1017
13;1019;2567;3173;596;37;-1;4;1017
13;1020;3163;1965;20;1245;-1;3;1013
13;1021;3183;1965;515;1245;-2;3;1013
13;1022;3183;1965;515;1210;161;4;1021
13;1023;3183;3175;515;35;-1;4;1021
13;1024;3698;1965;458;1245;-2;3;1013
13;1025;3698;1965;458;929;298;4;1024
13;1026;3698;2894;458;316;-1;4;1024
13;1027;4156;0;446;3210;-2;1;986
13;1028;4156;0;446;1084;-2;2;1027
13;1029;4156;0;418;1084;-2;3;1028
13;1030;4156;0;418;1044;476;4;1029
13;1031;4156;1044;418;40;-1;4;1029
13;1032;4574;0;28;1084;-1;3;1028
13;1033;4156;1084;446;1044;-2;2;1027
13;1034;4156;1084;418;1044;477;3;1033
13;1035;4574;1084;28;1044;-1;3;1033
13;1036;4156;2128;446;942;188;2;1027
13;1037;4156;3070;446;140;-1;2;1027
13;1038;4602;0;929;3210;-2;1;986
13;1039;4602;0;929;458;299;2;1038
13;1040;4602;458;929;27;-1;2;1038
13;1041;4602;485;929;566;300;2;1038
13;1042;4602;1051;929;566;301;2;1038
13;1043;4602;1617;929;566;302;2;1038
13;1044;4602;2183;929;1027;-2;2;1038
13;1045;4602;2183;903;1027;-2;3;1044
13;1046;4602;2183;903;923;162;4;1045
13;1047;4602;3106;903;104;-1;4;1045
13;1048;5505;2183;26;1027;-1;3;1044
13;1049;5531;0;469;3210;-2;1;986
13;1050;5531;0;469;942;-2;2;1049
13;1051;5531;0;446;942;189;3;1050
13;1052;5977;0;23;942;-1;3;1050
13;1053;5531;942;469;1458;-2;2;1049
13;1054;5531;942;430;1458;266;3;1053
13;1055;5961;942;39;1458;-1;3;1053
13;1056;5531;2400;469;810;-2;2;1049
13;1057;5531;2400;50;810;-1;3;1056
13;1058;5581;2400;321;810;-2;3;1056
13;1059;5581;2400;321;779;425;4;1058
13;1060;5581;3179;321;31;-1;4;1058
13;1061;5902;2400;98;810;-1;3;1056
14;1062;0;0;6000;3210;-2;0;
14;1063;0;0;953;3210;-2;1;1062
14;1064;0;0;953;2053;190;2;1063
14;1065;0;2053;953;495;-2;2;1063
14;1066;0;2053;921;495;632;3;1065
14;1067;921;2053;32;495;-1;3;1065
14;1068;0;2548;953;662;-2;2;1063
14;1069;0;2548;922;662;-2;3;1068
14;1070;0;2548;922;495;633;4;1069
14;1071;0;3043;922;167;-1;4;1069
14;1072;922;2548;31;662;-1;3;1068
14;1073;953;0;2052;3210;-2;1;1062
14;1074;953;0;2052;1835;-2;2;1073
14;1075;953;0;513;1835;478;3;1074
14;1076;1466;0;513;1835;479;3;1074
14;1077;1979;0;513;1835;480;3;1074
14;1078;2492;0;513;1835;481;3;1074
14;1079;953;1835;2052;329;-2;2;1073
14;1080;953;1835;1016;329;426;3;1079
14;1081;1969;1835;1016;329;427;3;1079
14;1082;2985;1835;20;329;-1;3;1079
14;1083;953;2164;2052;513;-2;2;1073
14;1084;953;2164;1835;513;482;3;1083
14;1085;2788;2164;217;513;-1;3;1083
14;1086;953;2677;2052;533;-2;2;1073
14;1087;953;2677;779;533;375;3;1086
14;1088;1732;2677;922;533;-2;3;1086
14;1089;1732;2677;922;38;-1;4;1088
14;1090;1732;2715;922;495;634;4;1088
14;1091;2654;2677;351;533;-1;3;1086
14;1092;3005;0;523;3210;-2;1;1062
14;1093;3005;0;523;1420;-2;2;1092
14;1094;3005;0;481;1420;62;3;1093
14;1095;3486;0;42;1420;-1;3;1093
14;1096;3005;1420;523;1700;303;2;1092
14;1097;3005;3120;523;90;-1;2;1092
14;1098;3528;0;622;3210;-2;1;1062
14;1099;3528;0;622;2088;191;2;1098
14;1100;3528;2088;622;277;-2;2;1098
14;1101;3528;2088;564;277;655;3;1100
14;1102;4092;2088;58;277;-1;3;1100
14;1103;3528;2365;622;845;-2;2;1098
14;1104;3528;2365;469;845;-2;3;1103
14;1105;3528;2365;469;798;606;4;1104
14;1106;3528;3163;469;47;-1;4;1104
14;1107;3997;2365;153;845;-1;3;1103
14;1108;4150;0;1850;3210;-2;1;1062
14;1109;4150;0;1850;523;-2;2;1108
14;1110;4150;0;31;523;-1;3;1109
14;1111;4181;0;1700;523;304;3;1109
14;1112;5881;0;119;523;-1;3;1109
14;1113;4150;523;1850;691;-2;2;1108
14;1114;4150;523;925;691;305;3;1113
14;1115;5075;523;925;691;306;3;1113
14;1116;4150;1214;1850;691;-2;2;1108
14;1117;4150;1214;925;691;307;3;1116
14;1118;5075;1214;925;691;308;3;1116
14;1119;4150;1905;1850;526;-2;2;1108
14;1120;4150;1905;1735;526;114;3;1119
14;1121;5885;1905;115;526;-1;3;1119
14;1122;4150;2431;1850;779;-2;2;1108
14;1123;4150;2431;925;779;-2;3;1122
14;1124;4150;2431;925;88;-2;4;1123
14;1125;4150;2519;925;691;309;4;1123
14;1126;5075;2431;925;779;-2;3;1122
14;1127;5075;2431;925;88;-1;4;1126
14;1128;5075;2519;925;691;310;4;1126
15;1129;0;0;6000;3210;-2;0;
15;1130;0;0;2053;3210;-2;1;1129
15;1131;0;0;2053;917;163;2;1130
15;1132;0;917;2053;281;-2;2;1130
15;1133;0;917;964;281;192;3;1132
15;1134;964;917;964;281;193;3;1132
15;1135;1928;917;125;281;-1;3;1132
15;1136;0;1198;2053;526;-2;2;1130
15;1137;0;1198;1735;526;115;3;1136
15;1138;1735;1198;278;526;-2;3;1136
15;1139;1735;1198;278;491;311;4;1138
15;1140;1735;1689;278;35;-1;4;1138
15;1141;2013;1198;40;526;-1;3;1136
15;1142;0;1724;2053;917;164;2;1130
15;1143;0;2641;2053;569;-2;2;1130
15;1144;0;2641;1000;569;-2;3;1143
15;1145;0;2641;1000;533;376;4;1144
15;1146;0;3174;1000;36;-1;4;1144
15;1147;1000;2641;1053;569;-2;3;1143
15;1148;1000;2641;1053;525;523;4;1147
15;1149;1000;3166;1053;44;-1;4;1147
15;1150;2053;0;503;3210;-2;1;1129
15;1151;2053;0;503;1621;222;2;1150
15;1152;2053;1621;503;1589;-2;2;1150
15;1153;2053;1621;481;1589;-2;3;1152
15;1154;2053;1621;481;1420;63;4;1153
15;1155;2053;3041;481;169;-1;4;1153
15;1156;2534;1621;22;1589;-1;3;1152
15;1157;2556;0;1083;3210;-2;1;1129
15;1158;2556;0;1083;1141;312;2;1157
15;1159;2556;1141;1083;509;-2;2;1157
15;1160;2556;1141;1045;509;524;3;1159
15;1161;3601;1141;38;509;-1;3;1159
15;1162;2556;1650;1083;509;-2;2;1157
15;1163;2556;1650;1045;509;525;3;1162
15;1164;3601;1650;38;509;-1;3;1162
15;1165;2556;2159;1083;1051;-2;2;1157
15;1166;2556;2159;704;1051;-2;3;1165
15;1167;2556;2159;704;1015;483;4;1166
15;1168;2556;3174;704;36;-1;4;1166
15;1169;3260;2159;335;1051;-2;3;1165
15;1170;3260;2159;335;888;194;4;1169
15;1171;3260;3047;335;163;-1;4;1169
15;1172;3595;2159;44;1051;-1;3;1165
15;1173;3639;0;503;3210;-2;1;1129
15;1174;3639;0;503;1666;223;2;1173
15;1175;3639;1666;503;1544;-2;2;1173
15;1176;3639;1666;481;1544;-2;3;1175
15;1177;3639;1666;481;1420;64;4;1176
15;1178;3639;3086;481;124;-1;4;1176
15;1179;4120;1666;22;1544;-1;3;1175
15;1180;4142;0;1118;3210;-2;1;1129
15;1181;4142;0;1118;2010;-2;2;1180
15;1182;4142;0;526;2010;484;3;1181
15;1183;4668;0;526;2010;485;3;1181
15;1184;5194;0;66;2010;-1;3;1181
15;1185;4142;2010;1118;1131;313;2;1180
15;1186;4142;3141;1118;69;-1;2;1180
15;1187;5260;0;720;3210;-2;1;1129
15;1188;5260;0;720;1077;116;2;1187
15;1189;5260;1077;720;1210;-2;2;1187
15;1190;5260;1077;690;1210;486;3;1189
15;1191;5950;1077;30;1210;-1;3;1189
15;1192;5260;2287;720;923;-2;2;1187
15;1193;5260;2287;669;923;-2;3;1192
15;1194;5260;2287;669;899;267;4;1193
15;1195;5260;3186;669;24;-1;4;1193
15;1196;5929;2287;51;923;-1;3;1192
15;1197;5980;0;20;3210;-1;1;1129
16;1198;0;0;6000;3210;-2;0;
16;1199;0;0;1580;3210;-2;1;1198
16;1200;0;0;1580;1293;-2;2;1199
16;1201;0;0;897;1293;348;3;1200
16;1202;897;0;654;1293;65;3;1200
16;1203;1551;0;29;1293;-1;3;1200
16;1204;0;1293;1580;669;-2;2;1199
16;1205;0;1293;1522;669;635;3;1204
16;1206;1522;1293;58;669;-1;3;1204
16;1207;0;1962;1580;1248;-2;2;1199
16;1208;0;1962;395;1248;-2;3;1207
16;1209;0;1962;395;1222;607;4;1208
16;1210;0;3184;395;26;-1;4;1208
16;1211;395;1962;395;1248;-2;3;1207
16;1212;395;1962;395;1222;608;4;1211
16;1213;395;3184;395;26;-1;4;1211
16;1214;790;1962;395;1248;-2;3;1207
16;1215;790;1962;395;1222;609;4;1214
16;1216;790;3184;395;26;-1;4;1214
16;1217;1185;1962;395;1248;-2;3;1207
16;1218;1185;1962;395;1222;610;4;1217
16;1219;1185;3184;395;26;-1;4;1217
16;1220;1580;0;914;3210;-2;1;1198
16;1221;1580;0;914;1722;-2;2;1220
16;1222;1580;0;411;1722;22;3;1221
16;1223;1991;0;503;1722;-2;3;1221
16;1224;1991;0;503;1666;224;4;1223
16;1225;1991;1666;503;56;-1;4;1223
16;1226;1580;1722;914;1488;-2;2;1220
16;1227;1580;1722;892;1488;-2;3;1226
16;1228;1580;1722;892;1418;349;4;1227
16;1229;1580;3140;892;70;-1;4;1227
16;1230;2472;1722;22;1488;-1;3;1226
16;1231;2494;0;1186;3210;-2;1;1198
16;1232;2494;0;1186;1220;268;2;1231
16;1233;2494;1220;1186;712;-2;2;1231
16;1234;2494;1220;1146;712;526;3;1233
16;1235;3640;1220;40;712;-1;3;1233
16;1236;2494;1932;1186;1278;-2;2;1231
16;1237;2494;1932;712;1278;-2;3;1236
16;1238;2494;1932;712;1146;527;4;1237
16;1239;2494;3078;712;132;-1;4;1237
16;1240;3206;1932;395;1278;-2;3;1236
16;1241;3206;1932;395;1222;611;4;1240
16;1242;3206;3154;395;56;-1;4;1240
16;1243;3601;1932;79;1278;-1;3;1236
16;1244;3680;0;862;3210;-2;1;1198
16;1245;3680;0;862;2096;-2;2;1244
16;1246;3680;0;835;2096;269;3;1245
16;1247;4515;0;27;2096;-1;3;1245
16;1248;3680;2096;862;290;-2;2;1244
16;1249;3680;2096;584;290;195;3;1248
16;1250;4264;2096;278;290;-1;3;1248
16;1251;3680;2386;862;824;-2;2;1244
16;1252;3680;2386;533;824;-2;3;1251
16;1253;3680;2386;533;779;377;4;1252
16;1254;3680;3165;533;45;-1;4;1252
16;1255;4213;2386;329;824;-2;3;1251
16;1256;4213;2386;329;779;428;4;1255
16;1257;4213;3165;329;45;-1;4;1255
16;1258;4542;0;453;3210;-2;1;1198
16;1259;4542;0;453;1222;-2;2;1258
16;1260;4542;0;395;1222;612;3;1259
16;1261;4937;0;58;1222;-1;3;1259
16;1262;4542;1222;453;1922;23;2;1258
16;1263;4542;3144;453;66;-1;2;1258
16;1264;4995;0;1005;3210;-2;1;1198
16;1265;4995;0;1005;389;-2;2;1264
16;1266;4995;0;980;389;225;3;1265
16;1267;5975;0;25;389;-1;3;1265
16;1268;4995;389;1005;1036;-2;2;1264
16;1269;4995;389;970;1036;314;3;1268
16;1270;5965;389;35;1036;-1;3;1268
16;1271;4995;1425;1005;1036;-2;2;1264
16;1272;4995;1425;970;1036;315;3;1271
16;1273;5965;1425;35;1036;-1;3;1271
16;1274;4995;2461;1005;749;-2;2;1264
16;1275;4995;2461;953;749;-2;3;1274
16;1276;4995;2461;953;672;350;4;1275
16;1277;4995;3133;953;77;-1;4;1275
16;1278;5948;2461;52;749;-1;3;1274
17;1279;0;0;6000;3210;-2;0;
17;1280;0;0;1212;3210;-2;1;1279
17;1281;0;0;1212;1752;-2;2;1280
17;1282;0;0;606;1752;316;3;1281
17;1283;606;0;606;1752;317;3;1281
17;1284;0;1752;1212;712;-2;2;1280
17;1285;0;1752;1146;712;528;3;1284
17;1286;1146;1752;66;712;-1;3;1284
17;1287;0;2464;1212;746;-2;2;1280
17;1288;0;2464;1146;746;-2;3;1287
17;1289;0;2464;1146;712;529;4;1288
17;1290;0;3176;1146;34;-1;4;1288
17;1291;1146;2464;66;746;-1;3;1287
17;1292;1212;0;1498;3210;-2;1;1279
17;1293;1212;0;1498;1915;-2;2;1292
17;1294;1212;0;873;1915;318;3;1293
17;1295;2085;0;625;1915;319;3;1293
17;1296;1212;1915;1498;1046;-2;2;1292
17;1297;1212;1915;725;1046;270;3;1296
17;1298;1937;1915;725;1046;271;3;1296
17;1299;2662;1915;48;1046;-1;3;1296
17;1300;1212;2961;1498;249;-2;2;1292
17;1301;1212;2961;1308;249;-2;3;1300
17;1302;1212;2961;1308;213;378;4;1301
17;1303;1212;3174;1308;36;-1;4;1301
17;1304;2520;2961;190;249;-1;3;1300
17;1305;2710;0;1250;3210;-2;1;1279
17;1306;2710;0;1250;1915;-2;2;1305
17;1307;2710;0;625;1915;320;3;1306
17;1308;3335;0;625;1915;321;3;1306
17;1309;2710;1915;1250;1295;-2;2;1305
17;1310;2710;1915;700;1295;-2;3;1309
17;1311;2710;1915;700;1260;487;4;1310
17;1312;2710;3175;700;35;-1;4;1310
17;1313;3410;1915;522;1295;-2;3;1309
17;1314;3410;1915;522;1210;530;4;1313
17;1315;3410;3125;522;85;-1;4;1313
17;1316;3932;1915;28;1295;-1;3;1309
17;1317;3960;0;1424;3210;-2;1;1279
17;1318;3960;0;1424;2058;-2;2;1317
17;1319;3960;0;701;2058;488;3;1318
17;1320;4661;0;701;2058;489;3;1318
17;1321;5362;0;22;2058;-1;3;1318
17;1322;3960;2058;1424;1152;-2;2;1317
17;1323;3960;2058;704;1152;-2;3;1322
17;1324;3960;2058;704;1122;613;4;1323
17;1325;3960;3180;704;30;-1;4;1323
17;1326;4664;2058;720;1152;-2;3;1322
17;1327;4664;2058;720;1077;117;4;1326
17;1328;4664;3135;720;75;-1;4;1326
17;1329;5384;0;584;3210;-2;1;1279
17;1330;5384;0;584;290;196;2;1329
17;1331;5384;290;584;1383;197;2;1329
17;1332;5384;1673;584;1383;198;2;1329
17;1333;5384;3056;584;154;-1;2;1329
17;1334;5968;0;32;3210;-1;1;1279
18;1335;0;0;6000;3210;-2;0;
18;1336;0;0;897;3210;-2;1;1335
18;1337;0;0;897;1283;351;2;1336
18;1338;0;1283;897;36;-1;2;1336
18;1339;0;1319;897;1293;352;2;1336
18;1340;0;2612;897;598;-2;2;1336
18;1341;0;2612;281;598;-2;3;1340
18;1342;0;2612;281;566;199;4;1341
18;1343;0;3178;281;32;-1;4;1341
18;1344;281;2612;281;598;-2;3;1340
18;1345;281;2612;281;568;200;4;1344
18;1346;281;3180;281;30;-1;4;1344
18;1347;562;2612;281;598;-2;3;1340
18;1348;562;2612;281;568;201;4;1347
18;1349;562;3180;281;30;-1;4;1347
18;1350;843;2612;54;598;-1;3;1340
18;1351;897;0;1347;3210;-2;1;1335
18;1352;897;0;1347;1540;-2;2;1351
18;1353;897;0;449;1540;429;3;1352
18;1354;1346;0;449;1540;430;3;1352
18;1355;1795;0;449;1540;431;3;1352
18;1356;897;1540;1347;1110;-2;2;1351
18;1357;897;1540;822;1110;24;3;1356
18;1358;1719;1540;525;1110;-2;3;1356
18;1359;1719;1540;525;1041;490;4;1358
18;1360;1719;2581;525;69;-1;4;1358
18;1361;897;2650;1347;560;-2;2;1351
18;1362;897;2650;1210;560;-2;3;1361
18;1363;897;2650;1210;522;531;4;1362
18;1364;897;3172;1210;38;-1;4;1362
18;1365;2107;2650;137;560;-1;3;1361
18;1366;2244;0;1323;3210;-2;1;1335
18;1367;2244;0;1323;897;-2;2;1366
18;1368;2244;0;1293;897;353;3;1367
18;1369;3537;0;30;897;-1;3;1367
18;1370;2244;897;1323;654;-2;2;1366
18;1371;2244;897;1303;654;66;3;1370
18;1372;3547;897;20;654;-1;3;1370
18;1373;2244;1551;1323;897;-2;2;1366
18;1374;2244;1551;1293;897;354;3;1373
18;1375;3537;1551;30;897;-1;3;1373
18;1376;2244;2448;1323;359;-2;2;1366
18;1377;2244;2448;20;359;-1;3;1376
18;1378;2264;2448;1265;359;614;3;1376
18;1379;3529;2448;38;359;-1;3;1376
18;1380;2244;2807;1323;403;-2;2;1366
18;1381;2244;2807;1265;403;-2;3;1380
18;1382;2244;2807;1265;359;615;4;1381
18;1383;2244;3166;1265;44;-1;4;1381
18;1384;3509;2807;58;403;-1;3;1380
18;1385;3567;0;568;3210;-2;1;1335
18;1386;3567;0;568;158;-1;2;1385
18;1387;3567;158;568;1220;-2;2;1385
18;1388;3567;158;535;1220;532;3;1387
18;1389;4102;158;33;1220;-1;3;1387
18;1390;3567;1378;568;1262;202;2;1385
18;1391;3567;2640;568;570;-2;2;1385
18;1392;3567;2640;489;570;-2;3;1391
18;1393;3567;2640;489;500;118;4;1392
18;1394;3567;3140;489;70;-1;4;1392
18;1395;4056;2640;79;570;-1;3;1391
18;1396;4135;0;625;3210;-2;1;1335
18;1397;4135;0;625;1915;322;2;1396
18;1398;4135;1915;625;1295;-2;2;1396
18;1399;4135;1915;568;1295;-2;3;1398
18;1400;4135;1915;568;1262;203;4;1399
18;1401;4135;3177;568;33;-1;4;1399
18;1402;4703;1915;57;1295;-1;3;1398
18;1403;4760;0;1240;3210;-2;1;1335
18;1404;4760;0;1240;535;-2;2;1403
18;1405;4760;0;1220;535;533;3;1404
18;1406;5980;0;20;535;-1;3;1404
18;1407;4760;535;1240;539;-2;2;1403
18;1408;4760;535;1220;539;534;3;1407
18;1409;5980;535;20;539;-1;3;1407
18;1410;4760;1074;1240;539;-2;2;1403
18;1411;4760;1074;1220;539;535;3;1410
18;1412;5980;1074;20;539;-1;3;1410
18;1413;4760;1613;1240;727;-2;2;1403
18;1414;4760;1613;1218;727;379;3;1413
18;1415;5978;1613;22;727;-1;3;1413
18;1416;4760;2340;1240;870;-2;2;1403
18;1417;4760;2340;1218;870;-2;3;1416
18;1418;4760;2340;1218;727;380;4;1417
18;1419;4760;3067;1218;143;-1;4;1417
18;1420;5978;2340;22;870;-1;3;1416
19;1421;0;0;6000;3210;-2;0;
19;1422;0;0;822;3210;-2;1;1421
19;1423;0;0;822;1110;25;2;1422
19;1424;0;1110;822;1015;26;2;1422
19;1425;0;2125;822;1015;27;2;1422
19;1426;0;3140;822;70;-1;2;1422
19;1427;822;0;1446;3210;-2;1;1421
19;1428;822;0;1446;525;272;2;1427
19;1429;822;525;1446;525;273;2;1427
19;1430;822;1050;1446;525;274;2;1427
19;1431;822;1575;1446;525;275;2;1427
19;1432;822;2100;1446;525;276;2;1427
19;1433;822;2625;1446;525;277;2;1427
19;1434;822;3150;1446;60;-1;2;1427
19;1435;2268;0;1108;3210;-2;1;1421
19;1436;2268;0;1108;1212;-2;2;1435
19;1437;2268;0;554;1212;536;3;1436
19;1438;2822;0;554;1212;537;3;1436
19;1439;2268;1212;1108;833;-2;2;1435
19;1440;2268;1212;1074;833;28;3;1439
19;1441;3342;1212;34;833;-1;3;1439
19;1442;2268;2045;1108;1165;-2;2;1435
19;1443;2268;2045;682;1165;-2;3;1442
19;1444;2268;2045;682;1093;558;4;1443
19;1445;2268;3138;682;72;-1;4;1443
19;1446;2950;2045;389;1165;-2;3;1442
19;1447;2950;2045;389;980;226;4;1446
19;1448;2950;3025;389;185;-1;4;1446
19;1449;3339;2045;37;1165;-1;3;1442
19;1450;3376;0;526;3210;-2;1;1421
19;1451;3376;0;526;2028;278;2;1450
19;1452;3376;2028;526;1182;-2;2;1450
19;1453;3376;2028;501;1182;-2;3;1452
19;1454;3376;2028;501;1112;355;4;1453
19;1455;3376;3140;501;70;-1;4;1453
19;1456;3877;2028;25;1182;-1;3;1452
19;1457;3902;0;526;3210;-2;1;1421
19;1458;3902;0;526;2028;279;2;1457
19;1459;3902;2028;526;1182;-2;2;1457
19;1460;3902;2028;501;1182;-2;3;1459
19;1461;3902;2028;501;1112;356;4;1460
19;1462;3902;3140;501;70;-1;4;1460
19;1463;4403;2028;25;1182;-1;3;1459
19;1464;4428;0;1551;3210;-2;1;1421
19;1465;4428;0;1551;1380;-2;2;1464
19;1466;4428;0;446;1380;29;3;1465
19;1467;4874;0;446;1380;30;3;1465
19;1468;5320;0;446;1380;31;3;1465
19;1469;5766;0;213;1380;-2;3;1465
19;1470;5766;0;213;1308;381;4;1469
19;1471;5766;1308;213;72;-1;4;1469
19;1472;4428;1380;1551;430;-2;2;1464
19;1473;4428;1380;1458;430;323;3;1472
19;1474;5886;1380;93;430;-1;3;1472
19;1475;4428;1810;1551;1400;-2;2;1464
19;1476;4428;1810;446;1400;-2;3;1475
19;1477;4428;1810;446;1380;32;4;1476
19;1478;4428;3190;446;20;-1;4;1476
19;1479;4874;1810;446;1400;-2;3;1475
19;1480;4874;1810;446;1380;33;4;1479
19;1481;4874;3190;446;20;-1;4;1479
19;1482;5320;1810;446;1400;-2;3;1475
19;1483;5320;1810;446;1380;34;4;1482
19;1484;5320;3190;446;20;-1;4;1482
19;1485;5766;1810;213;1400;-2;3;1475
19;1486;5766;1810;213;1308;382;4;1485
19;1487;5766;3118;213;92;-1;4;1485
19;1488;5979;0;21;3210;-1;1;1421
20;1489;0;0;6000;3210;-2;0;
20;1490;0;0;1020;3210;-2;1;1489
20;1491;0;0;1020;2099;-2;2;1490
20;1492;0;0;497;2099;280;3;1491
20;1493;497;0;497;2099;281;3;1491
20;1494;994;0;26;2099;-1;3;1491
20;1495;0;2099;1020;1111;-2;2;1490
20;1496;0;2099;525;1111;-2;3;1495
20;1497;0;2099;525;1041;491;4;1496
20;1498;0;3140;525;70;-1;4;1496
20;1499;525;2099;495;1111;-2;3;1495
20;1500;525;2099;495;921;616;4;1499
20;1501;525;3020;495;190;-1;4;1499
20;1502;1020;0;1503;3210;-2;1;1489
20;1503;1020;0;1503;1112;-2;2;1502
20;1504;1020;0;501;1112;357;3;1503
20;1505;1521;0;501;1112;358;3;1503
20;1506;2022;0;501;1112;359;3;1503
20;1507;1020;1112;1503;1112;-2;2;1502
20;1508;1020;1112;501;1112;360;3;1507
20;1509;1521;1112;501;1112;361;3;1507
20;1510;2022;1112;501;1112;362;3;1507
20;1511;1020;2224;1503;986;-2;2;1502
20;1512;1020;2224;1122;986;-2;3;1511
20;1513;1020;2224;1122;941;492;4;1512
20;1514;1020;3165;1122;45;-1;4;1512
20;1515;2142;2224;335;986;-2;3;1511
20;1516;2142;2224;335;952;204;4;1515
20;1517;2142;3176;335;34;-1;4;1515
20;1518;2477;2224;46;986;-1;3;1511
20;1519;2523;0;1297;3210;-2;1;1489
20;1520;2523;0;1297;661;559;2;1519
20;1521;2523;661;1297;50;-1;2;1519
20;1522;2523;711;1297;661;560;2;1519
20;1523;2523;1372;1297;1218;-2;2;1519
20;1524;2523;1372;631;1218;383;3;1523
20;1525;3154;1372;631;1218;384;3;1523
20;1526;3785;1372;35;1218;-1;3;1523
20;1527;2523;2590;1297;620;-2;2;1519
20;1528;2523;2590;1220;620;-2;3;1527
20;1529;2523;2590;1220;533;538;4;1528
20;1530;2523;3123;1220;87;-1;4;1528
20;1531;3743;2590;77;620;-1;3;1527
20;1532;3820;0;1380;3210;-2;1;1489
20;1533;3820;0;1380;1297;-2;2;1532
20;1534;3820;0;661;1297;561;3;1533
20;1535;4481;0;661;1297;562;3;1533
20;1536;5142;0;58;1297;-1;3;1533
20;1537;3820;1297;1380;446;35;2;1532
20;1538;3820;1743;1380;446;36;2;1532
20;1539;3820;2189;1380;536;-2;2;1532
20;1540;3820;2189;1232;536;37;3;1539
20;1541;5052;2189;148;536;-1;3;1539
20;1542;3820;2725;1380;446;38;2;1532
20;1543;3820;3171;1380;39;-1;2;1532
20;1544;5200;0;751;3210;-2;1;1489
20;1545;5200;0;751;2038;-2;2;1544
20;1546;5200;0;727;2038;385;3;1545
20;1547;5927;0;24;2038;-1;3;1545
20;1548;5200;2038;751;489;-2;2;1544
20;1549;5200;2038;500;489;119;3;1548
20;1550;5700;2038;251;489;-2;3;1548
20;1551;5700;2038;251;469;432;4;1550
20;1552;5700;2507;251;20;-1;4;1550
20;1553;5200;2527;751;371;-2;2;1544
20;1554;5200;2527;673;371;363;3;1553
20;1555;5873;2527;78;371;-1;3;1553
20;1556;5200;2898;751;312;-2;2;1544
20;1557;5200;2898;648;312;433;3;1556
20;1558;5848;2898;103;312;-1;3;1556
20;1559;5951;0;49;3210;-1;1;1489
21;1560;0;0;6000;3210;-2;0;
21;1561;0;0;761;3210;-2;1;1560
21;1562;0;0;761;1844;227;2;1561
21;1563;0;1844;761;1366;-2;2;1561
21;1564;0;1844;734;1366;-2;3;1563
21;1565;0;1844;734;1176;563;4;1564
21;1566;0;3020;734;190;-1;4;1564
21;1567;734;1844;27;1366;-1;3;1563
21;1568;761;0;2202;3210;-2;1;1560
21;1569;761;0;2202;1176;-2;2;1568
21;1570;761;0;734;1176;564;3;1569
21;1571;1495;0;734;1176;565;3;1569
21;1572;2229;0;734;1176;566;3;1569
21;1573;761;1176;2202;213;-2;2;1568
21;1574;761;1176;2128;213;386;3;1573
21;1575;2889;1176;74;213;-1;3;1573
21;1576;761;1389;2202;822;-2;2;1568
21;1577;761;1389;2023;822;493;3;1576
21;1578;2784;1389;179;822;-1;3;1576
21;1579;761;2211;2202;213;-2;2;1568
21;1580;761;2211;2128;213;387;3;1579
21;1581;2889;2211;74;213;-1;3;1579
21;1582;761;2424;2202;213;-2;2;1568
21;1583;761;2424;2128;213;388;3;1582
21;1584;2889;2424;74;213;-1;3;1582
21;1585;761;2637;2202;573;-2;2;1568
21;1586;761;2637;2140;573;-2;3;1585
21;1587;761;2637;2140;77;-2;4;1586
21;1588;761;2714;2140;496;282;4;1586
21;1589;2901;2637;62;573;-1;3;1585
21;1590;2963;0;516;3210;-2;1;1560
21;1591;2963;0;516;922;-2;2;1590
21;1592;2963;0;495;922;636;3;1591
21;1593;3458;0;21;922;-1;3;1591
21;1594;2963;922;516;2288;-2;2;1590
21;1595;2963;922;496;2288;-2;3;1594
21;1596;2963;922;496;2140;283;4;1595
21;1597;2963;3062;496;148;-1;4;1595
21;1598;3459;922;20;2288;-1;3;1594
21;1599;3479;0;485;3210;-2;1;1560
21;1600;3479;0;485;1380;-2;2;1599
21;1601;3479;0;446;1380;39;3;1600
21;1602;3925;0;39;1380;-1;3;1600
21;1603;3479;1380;485;915;434;2;1599
21;1604;3479;2295;485;915;435;2;1599
21;1605;3964;0;793;3210;-2;1;1560
21;1606;3964;0;793;2075;284;2;1605
21;1607;3964;2075;793;525;-2;2;1605
21;1608;3964;2075;646;525;228;3;1607
21;1609;4610;2075;147;525;-1;3;1607
21;1610;3964;2600;793;610;-2;2;1605
21;1611;3964;2600;646;610;-2;3;1610
21;1612;3964;2600;646;525;229;4;1611
21;1613;3964;3125;646;85;-1;4;1611
21;1614;4610;2600;147;610;-1;3;1610
21;1615;4757;0;1243;3210;-2;1;1560
21;1616;4757;0;1243;533;-2;2;1615
21;1617;4757;0;1220;533;539;3;1616
21;1618;5977;0;23;533;-1;3;1616
21;1619;4757;533;1243;556;-2;2;1615
21;1620;4757;533;1214;556;540;3;1619
21;1621;5971;533;29;556;-1;3;1619
21;1622;4757;1089;1243;520;-2;2;1615
21;1623;4757;1089;1133;520;494;3;1622
21;1624;5890;1089;110;520;-1;3;1622
21;1625;4757;1609;1243;1601;-2;2;1615
21;1626;4757;1609;549;1601;-2;3;1625
21;1627;4757;1609;549;1570;567;4;1626
21;1628;4757;3179;549;31;-1;4;1626
21;1629;5306;1609;669;1601;-2;3;1625
21;1630;5306;1609;669;1522;617;4;1629
21;1631;5306;3131;669;79;-1;4;1629
21;1632;5975;1609;25;1601;-1;3;1625
22;1633;0;0;6000;3210;-2;0;
22;1634;0;0;1046;3210;-2;1;1633
22;1635;0;0;1046;2068;-2;2;1634
22;1636;0;0;523;2068;-2;3;1635
22;1637;0;0;523;2048;389;4;1636
22;1638;0;2048;523;20;-1;4;1636
22;1639;523;0;523;2068;-2;3;1635
22;1640;523;0;523;2048;390;4;1639
22;1641;523;2048;523;20;-1;4;1639
22;1642;0;2068;1046;495;-2;2;1634
22;1643;0;2068;922;495;637;3;1642
22;1644;922;2068;124;495;-1;3;1642
22;1645;0;2563;1046;647;-2;2;1634
22;1646;0;2563;846;647;-2;3;1645
22;1647;0;2563;846;625;230;4;1646
22;1648;0;3188;846;22;-1;4;1646
22;1649;846;2563;200;647;-1;3;1645
22;1650;1046;0;846;3210;-2;1;1633
22;1651;1046;0;846;1915;-2;2;1650
22;1652;1046;0;823;1915;364;3;1651
22;1653;1869;0;23;1915;-1;3;1651
22;1654;1046;1915;846;625;231;2;1650
22;1655;1046;2540;846;625;232;2;1650
22;1656;1046;3165;846;45;-1;2;1650
22;1657;1892;0;1595;3210;-2;1;1633
22;1658;1892;0;1595;2023;-2;2;1657
22;1659;1892;0;773;2023;391;3;1658
22;1660;2665;0;822;2023;392;3;1658
22;1661;1892;2023;1595;1187;-2;2;1657
22;1662;1892;2023;520;1187;-2;3;1661
22;1663;1892;2023;520;1133;495;4;1662
22;1664;1892;3156;520;54;-1;4;1662
22;1665;2412;2023;520;1187;-2;3;1661
22;1666;2412;2023;520;1133;496;4;1665
22;1667;2412;3156;520;54;-1;4;1665
22;1668;2932;2023;520;1187;-2;3;1661
22;1669;2932;2023;520;1133;497;4;1668
22;1670;2932;3156;520;54;-1;4;1668
22;1671;3452;2023;35;1187;-1;3;1661
22;1672;3487;0;1354;3210;-2;1;1633
22;1673;3487;0;1354;1364;568;2;1672
22;1674;3487;1364;1354;1164;569;2;1672
22;1675;3487;2528;1354;682;-2;2;1672
22;1676;3487;2528;1214;682;-2;3;1675
22;1677;3487;2528;1214;556;541;4;1676
22;1678;3487;3084;1214;126;-1;4;1676
22;1679;4701;2528;140;682;-1;3;1675
22;1680;4841;0;704;3210;-2;1;1633
22;1681;4841;0;704;1308;-2;2;1680
22;1682;4841;0;654;1308;67;3;1681
22;1683;5495;0;50;1308;-1;3;1681
22;1684;4841;1308;704;1015;542;2;1680
22;1685;4841;2323;704;887;-2;2;1680
22;1686;4841;2323;625;887;-2;3;1685
22;1687;4841;2323;625;41;-2;4;1686
22;1688;4841;2364;625;846;233;4;1686
22;1689;5466;2323;79;887;-1;3;1685
22;1690;5545;0;418;3210;-2;1;1633
22;1691;5545;0;418;604;234;2;1690
22;1692;5545;604;418;604;235;2;1690
22;1693;5545;1208;418;604;236;2;1690
22;1694;5545;1812;418;604;237;2;1690
22;1695;5545;2416;418;604;238;2;1690
22;1696;5545;3020;418;190;-1;2;1690
22;1697;5963;0;37;3210;-1;1;1633
23;1698;0;0;6000;3210;-2;0;
23;1699;0;0;852;3210;-2;1;1698
23;1700;0;0;852;2241;570;2;1699
23;1701;0;2241;852;969;-2;2;1699
23;1702;0;2241;722;969;-2;3;1701
23;1703;0;2241;722;911;393;4;1702
23;1704;0;3152;722;58;-1;4;1702
23;1705;722;2241;130;969;-1;3;1701
23;1706;852;0;742;3210;-2;1;1698
23;1707;852;0;742;1736;-2;2;1706
23;1708;852;0;717;1736;436;3;1707
23;1709;1569;0;25;1736;-1;3;1707
23;1710;852;1736;742;1474;-2;2;1706
23;1711;852;1736;371;1474;-2;3;1710
23;1712;852;1736;371;376;-2;4;1711
23;1713;852;2112;371;1098;365;4;1711
23;1714;1223;1736;371;1474;-2;3;1710
23;1715;1223;1736;371;1098;366;4;1714
23;1716;1223;2834;371;376;-1;4;1714
23;1717;1594;0;1588;3210;-2;1;1698
23;1718;1594;0;1588;631;-2;2;1717
23;1719;1594;0;1522;631;-2;3;1718
23;1720;1594;0;1522;611;40;4;1719
23;1721;1594;611;1522;20;-1;4;1719
23;1722;3116;0;66;631;-1;3;1718
23;1723;1594;631;1588;611;-2;2;1717
23;1724;1594;631;1522;611;41;3;1723
23;1725;3116;631;66;611;-1;3;1723
23;1726;1594;1242;1588;1313;-2;2;1717
23;1727;1594;1242;794;1313;68;3;1726
23;1728;2388;1242;794;1313;69;3;1726
23;1729;1594;2555;1588;655;-2;2;1717
23;1730;1594;2555;1133;655;-2;3;1729
23;1731;1594;2555;1133;135;-2;4;1730
23;1732;1594;2690;1133;520;498;4;1730
23;1733;2727;2555;418;655;-2;3;1729
23;1734;2727;2555;418;604;239;4;1733
23;1735;2727;3159;418;51;-1;4;1733
23;1736;3145;2555;37;655;-1;3;1729
23;1737;3182;0;603;3210;-2;1;1698
23;1738;3182;0;603;1526;240;2;1737
23;1739;3182;1526;603;1526;241;2;1737
23;1740;3182;3052;603;158;-1;2;1737
23;1741;3785;0;522;3210;-2;1;1698
23;1742;3785;0;522;1758;242;2;1741
23;1743;3785;1758;522;1452;-2;2;1741
23;1744;3785;1758;481;1452;-2;3;1743
23;1745;3785;1758;481;1420;120;4;1744
23;1746;3785;3178;481;32;-1;4;1744
23;1747;4266;1758;41;1452;-1;3;1743
23;1748;4307;0;654;3210;-2;1;1698
23;1749;4307;0;654;1333;70;2;1748
23;1750;4307;1333;654;911;-2;2;1748
23;1751;4307;1333;625;911;394;3;1750
23;1752;4932;1333;29;911;-1;3;1750
23;1753;4307;2244;654;966;-2;2;1748
23;1754;4307;2244;625;966;-2;3;1753
23;1755;4307;2244;625;911;395;4;1754
23;1756;4307;3155;625;55;-1;4;1754
23;1757;4932;2244;29;966;-1;3;1753
23;1758;4961;0;1039;3210;-2;1;1698
23;1759;4961;0;1039;1422;-2;2;1758
23;1760;4961;0;501;1422;71;3;1759
23;1761;5462;0;501;1422;72;3;1759
23;1762;5963;0;37;1422;-1;3;1759
23;1763;4961;1422;1039;1788;-2;2;1758
23;1764;4961;1422;533;1788;-2;3;1763
23;1765;4961;1422;533;42;-2;4;1764
23;1766;4961;1464;533;1746;243;4;1764
23;1767;5494;1422;481;1788;-2;3;1763
23;1768;5494;1422;481;1420;121;4;1767
23;1769;5494;2842;481;368;-1;4;1767
23;1770;5975;1422;25;1788;-1;3;1763
24;1771;0;0;6000;3210;-2;0;
24;1772;0;0;1183;3210;-2;1;1771
24;1773;0;0;1183;1962;571;2;1772
24;1774;0;1962;1183;854;-2;2;1772
24;1775;0;1962;1154;854;437;3;1774
24;1776;1154;1962;29;854;-1;3;1774
24;1777;0;2816;1183;394;-2;2;1772
24;1778;0;2816;740;394;-2;3;1777
24;1779;0;2816;740;360;396;4;1778
24;1780;0;3176;740;34;-1;4;1778
24;1781;740;2816;378;394;-2;3;1777
24;1782;740;2816;378;259;572;4;1781
24;1783;740;3075;378;135;-1;4;1781
24;1784;1118;2816;65;394;-1;3;1777
24;1785;1183;0;2080;3210;-2;1;1771
24;1786;1183;0;2080;854;-2;2;1785
24;1787;1183;0;2058;854;73;3;1786
24;1788;3241;0;22;854;-1;3;1786
24;1789;1183;854;2080;1154;-2;2;1785
24;1790;1183;854;950;1154;-2;3;1789
24;1791;1183;854;950;1030;397;4;1790
24;1792;1183;1884;950;124;-1;4;1790
24;1793;2133;854;1024;1154;438;3;1789
24;1794;3157;854;106;1154;-1;3;1789
24;1795;1183;2008;2080;1202;-2;2;1785
24;1796;1183;2008;520;1202;-2;3;1795
24;1797;1183;2008;520;1133;439;4;1796
24;1798;1183;3141;520;69;-1;4;1796
24;1799;1703;2008;520;1202;-2;3;1795
24;1800;1703;2008;520;1133;440;4;1799
24;1801;1703;3141;520;69;-1;4;1799
24;1802;2223;2008;520;1202;-2;3;1795
24;1803;2223;2008;520;1133;441;4;1802
24;1804;2223;3141;520;69;-1;4;1802
24;1805;2743;2008;520;1202;-2;3;1795
24;1806;2743;2008;520;1133;442;4;1805
24;1807;2743;3141;520;69;-1;4;1805
24;1808;3263;0;430;3210;-2;1;1771
24;1809;3263;0;430;1458;324;2;1808
24;1810;3263;1458;430;1419;-2;2;1808
24;1811;3263;1458;394;1419;74;3;1810
24;1812;3657;1458;36;1419;-1;3;1810
24;1813;3263;2877;430;333;-2;2;1808
24;1814;3263;2877;368;333;-2;3;1813
24;1815;3263;2877;368;274;573;4;1814
24;1816;3263;3151;368;59;-1;4;1814
24;1817;3631;2877;62;333;-1;3;1813
24;1818;3693;0;2266;3210;-2;1;1771
24;1819;3693;0;2266;520;-2;2;1818
24;1820;3693;0;1133;520;443;3;1819
24;1821;4826;0;1133;520;444;3;1819
24;1822;3693;520;2266;520;-2;2;1818
24;1823;3693;520;1133;520;445;3;1822
24;1824;4826;520;1133;520;446;3;1822
24;1825;3693;1040;2266;2170;-2;2;1818
24;1826;3693;1040;722;2170;-2;3;1825
24;1827;3693;1040;722;2111;398;4;1826
24;1828;3693;3151;722;59;-1;4;1826
24;1829;4415;1040;722;2170;-2;3;1825
24;1830;4415;1040;722;2111;399;4;1829
24;1831;4415;3151;722;59;-1;4;1829
24;1832;5137;1040;773;2170;-2;3;1825
24;1833;5137;1040;773;2108;400;4;1832
24;1834;5137;3148;773;62;-1;4;1832
24;1835;5910;1040;49;2170;-1;3;1825
24;1836;5959;0;41;3210;-1;1;1771
25;1837;0;0;6000;3210;-2;0;
25;1838;0;0;543;3210;-2;1;1837
25;1839;0;0;543;1133;-2;2;1838
25;1840;0;0;520;1133;499;3;1839
25;1841;520;0;23;1133;-1;3;1839
25;1842;0;1133;543;2077;-2;2;1838
25;1843;0;1133;523;2077;-2;3;1842
25;1844;0;1133;523;2048;447;4;1843
25;1845;0;3181;523;29;-1;4;1843
25;1846;523;1133;20;2077;-1;3;1842
25;1847;543;0;526;3210;-2;1;1837
25;1848;543;0;526;264;-2;2;1847
25;1849;543;0;364;264;574;3;1848
25;1850;907;0;162;264;-1;3;1848
25;1851;543;264;526;1540;500;2;1847
25;1852;543;1804;526;1406;-2;2;1847
25;1853;543;1804;444;1406;-2;3;1852
25;1854;543;1804;444;1349;75;4;1853
25;1855;543;3153;444;57;-1;4;1853
25;1856;987;1804;82;1406;-1;3;1852
25;1857;1069;0;2048;3210;-2;1;1837
25;1858;1069;0;2048;523;448;2;1857
25;1859;1069;523;2048;424;-2;2;1857
25;1860;1069;523;1874;424;76;3;1859
25;1861;2943;523;174;424;-1;3;1859
25;1862;1069;947;2048;934;-2;2;1857
25;1863;1069;947;1998;934;77;3;1862
25;1864;3067;947;50;934;-1;3;1862
25;1865;1069;1881;2048;992;-2;2;1857
25;1866;1069;1881;1998;992;-2;3;1865
25;1867;1069;1881;1998;58;-2;4;1866
25;1868;1069;1939;1998;934;78;4;1866
25;1869;3067;1881;50;992;-1;3;1865
25;1870;1069;2873;2048;337;-2;2;1857
25;1871;1069;2873;1353;337;-2;3;1870
25;1872;1069;2873;1353;259;79;4;1871
25;1873;1069;3132;1353;78;-1;4;1871
25;1874;2422;2873;199;337;-1;3;1870
25;1875;2621;2873;454;337;-2;3;1870
25;1876;2621;2873;454;284;575;4;1875
25;1877;2621;3157;454;53;-1;4;1875
25;1878;3075;2873;42;337;-1;3;1870
25;1879;3117;0;553;3210;-2;1;1837
25;1880;3117;0;553;1722;80;2;1879
25;1881;3117;1722;553;662;-1;2;1879
25;1882;3117;2384;553;826;-2;2;1879
25;1883;3117;2384;530;826;244;3;1882
25;1884;3647;2384;23;826;-1;3;1882
25;1885;3670;0;975;3210;-2;1;1837
25;1886;3670;0;975;1320;401;2;1885
25;1887;3670;1320;975;1890;-2;2;1885
25;1888;3670;1320;809;1890;-2;3;1887
25;1889;3670;1320;809;1738;81;4;1888
25;1890;3670;3058;809;152;-1;4;1888
25;1891;4479;1320;166;1890;-1;3;1887
25;1892;4645;0;747;3210;-2;1;1837
25;1893;4645;0;747;173;-1;2;1892
25;1894;4645;173;747;1918;-2;2;1892
25;1895;4645;173;715;1918;402;3;1894
25;1896;5360;173;32;1918;-1;3;1894
25;1897;4645;2091;747;1119;-2;2;1892
25;1898;4645;2091;222;1119;-1;3;1897
25;1899;4867;2091;525;1119;-2;3;1897
25;1900;4867;2091;525;1053;576;4;1899
25;1901;4867;3144;525;66;-1;4;1899
25;1902;5392;0;526;3210;-2;1;1837
25;1903;5392;0;526;194;-1;2;1902
25;1904;5392;194;526;1540;501;2;1902
25;1905;5392;1734;526;1476;-2;2;1902
25;1906;5392;1734;481;1476;-2;3;1905
25;1907;5392;1734;481;1420;122;4;1906
25;1908;5392;3154;481;56;-1;4;1906
25;1909;5873;1734;45;1476;-1;3;1905
25;1910;5918;0;82;3210;-1;1;1837
26;1911;0;0;6000;3210;-2;0;
26;1912;0;0;813;3210;-2;1;1911
26;1913;0;0;813;2115;403;2;1912
26;1914;0;2115;813;1095;-1;2;1912
26;1915;813;0;1650;3210;-2;1;1911
26;1916;813;0;1650;2115;-2;2;1915
26;1917;813;0;825;2115;404;3;1916
26;1918;1638;0;825;2115;405;3;1916
26;1919;813;2115;1650;449;-2;2;1915
26;1920;813;2115;1540;449;502;3;1919
26;1921;2353;2115;110;449;-1;3;1919
26;1922;813;2564;1650;646;-2;2;1915
26;1923;813;2564;1528;646;-2;3;1922
26;1924;813;2564;1528;598;82;4;1923
26;1925;813;3162;1528;48;-1;4;1923
26;1926;2341;2564;122;646;-1;3;1922
26;1927;2463;0;620;3210;-2;1;1911
26;1928;2463;0;620;1041;406;2;1927
26;1929;2463;1041;620;1041;407;2;1927
26;1930;2463;2082;620;1041;408;2;1927
26;1931;2463;3123;620;87;-1;2;1927
26;1932;3083;0;2917;3210;-3;1;1911
