PLATE_ID;NODE_ID;X;Y;WIDTH;HEIGHT;TYPE;CUT;PARENT
0;0;0;0;6000;3210;-2;0;
0;1;0;0;388;3210;-2;1;0
0;2;0;0;388;1615;401;2;1
0;3;0;1615;388;975;-2;2;1
0;4;0;1615;326;975;430;3;3
0;5;326;1615;62;975;-1;3;3
0;6;0;2590;388;620;-2;2;1
0;7;0;2590;314;620;-2;3;6
0;8;0;2590;314;510;121;4;7
0;9;0;3100;314;110;-1;4;7
0;10;314;2590;74;620;-1;3;6
0;11;388;0;1992;3210;-2;1;0
0;12;388;0;1992;1187;-2;2;11
0;13;388;0;498;1187;191;3;12
0;14;886;0;498;1187;192;3;12
0;15;1384;0;498;1187;193;3;12
0;16;1882;0;498;1187;194;3;12
0;17;388;1187;1992;338;-2;2;11
0;18;388;1187;1894;338;422;3;17
0;19;2282;1187;98;338;-1;3;17
0;20;388;1525;1992;1685;-2;2;11
0;21;388;1525;491;1685;-2;3;20
0;22;388;1525;491;1600;122;4;21
0;23;388;3125;491;85;-1;4;21
0;24;879;1525;491;1685;-2;3;20
0;25;879;1525;491;1600;123;4;24
0;26;879;3125;491;85;-1;4;24
0;27;1370;1525;594;1685;-2;3;20
0;28;1370;1525;594;1648;195;4;27
0;29;1370;3173;594;37;-1;4;27
0;30;1964;1525;388;1685;-2;3;20
0;31;1964;1525;388;1615;402;4;30
0;32;1964;3140;388;70;-1;4;30
0;33;2352;1525;28;1685;-1;3;20
0;34;2380;0;604;3210;-2;1;0
0;35;2380;0;604;1447;425;2;34
0;36;2380;1447;604;1188;-2;2;34
0;37;2380;1447;573;1188;124;3;36
0;38;2953;1447;31;1188;-1;3;36
0;39;2380;2635;604;575;-2;2;34
0;40;2380;2635;558;575;-2;3;39
0;41;2380;2635;558;531;332;4;40
0;42;2380;3166;558;44;-1;4;40
0;43;2938;2635;46;575;-1;3;39
0;44;2984;0;954;3210;-2;1;0
0;45;2984;0;954;1248;-2;2;44
0;46;2984;0;477;1248;66;3;45
0;47;3461;0;477;1248;67;3;45
0;48;2984;1248;954;764;-2;2;44
0;49;2984;1248;879;764;0;3;48
0;50;3863;1248;75;764;-1;3;48
0;51;2984;2012;954;285;-2;2;44
0;52;2984;2012;804;285;296;3;51
0;53;3788;2012;150;285;-1;3;51
0;54;2984;2297;954;913;-2;2;44
0;55;2984;2297;458;913;-2;3;54
0;56;2984;2297;458;888;297;4;55
0;57;2984;3185;458;25;-1;4;55
0;58;3442;2297;458;913;-2;3;54
0;59;3442;2297;458;888;298;4;58
0;60;3442;3185;458;25;-1;4;58
0;61;3900;2297;38;913;-1;3;54
0;62;3938;0;478;3210;-2;1;0
0;63;3938;0;478;1248;68;2;62
0;64;3938;1248;478;888;-2;2;62
0;65;3938;1248;458;888;299;3;64
0;66;4396;1248;20;888;-1;3;64
0;67;3938;2136;478;1074;-2;2;62
0;68;3938;2136;444;1074;-2;3;67
0;69;3938;2136;444;1038;69;4;68
0;70;3938;3174;444;36;-1;4;68
0;71;4382;2136;34;1074;-1;3;67
0;72;4416;0;1584;3210;-2;1;0
0;73;4416;0;1584;242;-2;2;72
0;74;4416;0;1558;242;153;3;73
0;75;5974;0;26;242;-1;3;73
0;76;4416;242;1584;1489;-2;2;72
0;77;4416;242;613;1489;154;3;76
0;78;5029;242;603;1489;-2;3;76
0;79;5029;242;603;1370;155;4;78
0;80;5029;1612;603;119;-1;4;78
0;81;5632;242;323;1489;-2;3;76
0;82;5632;242;323;1468;300;4;81
0;83;5632;1710;323;21;-1;4;81
0;84;5955;242;45;1489;-1;3;76
0;85;4416;1731;1584;323;-2;2;72
0;86;4416;1731;1468;323;301;3;85
0;87;5884;1731;116;323;-1;3;85
0;88;4416;2054;1584;323;-2;2;72
0;89;4416;2054;1468;323;302;3;88
0;90;5884;2054;116;323;-1;3;88
0;91;4416;2377;1584;323;-2;2;72
0;92;4416;2377;1468;323;303;3;91
0;93;5884;2377;116;323;-1;3;91
0;94;4416;2700;1584;510;-2;2;72
0;95;4416;2700;1108;510;377;3;94
0;96;5524;2700;455;510;-2;3;94
0;97;5524;2700;455;474;233;4;96
0;98;5524;3174;455;36;-1;4;96
0;99;5979;2700;21;510;-1;3;94
1;100;0;0;6000;3210;-2;0;
1;101;0;0;470;3210;-2;1;100
1;102;0;0;470;1568;304;2;101
1;103;0;1568;470;1568;305;2;101
1;104;0;3136;470;74;-1;2;101
1;105;470;0;603;3210;-2;1;100
1;106;470;0;603;1370;156;2;105
1;107;470;1370;603;1108;-2;2;105
1;108;470;1370;575;1108;378;3;107
1;109;1045;1370;28;1108;-1;3;107
1;110;470;2478;603;732;-2;2;105
1;111;470;2478;558;732;-2;3;110
1;112;470;2478;558;531;333;4;111
1;113;470;3009;558;201;-1;4;111
1;114;1028;2478;45;732;-1;3;110
1;115;1073;0;484;3210;-2;1;100
1;116;1073;0;484;1438;-2;2;115
1;117;1073;0;453;1438;-2;3;116
1;118;1073;0;453;1370;157;4;117
1;119;1073;1370;453;68;-1;4;117
1;120;1526;0;31;1438;-1;3;116
1;121;1073;1438;484;195;-2;2;115
1;122;1073;1438;464;195;234;3;121
1;123;1537;1438;20;195;-1;3;121
1;124;1073;1633;484;780;196;2;115
1;125;1073;2413;484;797;-2;2;115
1;126;1073;2413;455;797;-2;3;125
1;127;1073;2413;455;728;426;4;126
1;128;1073;3141;455;69;-1;4;126
1;129;1528;2413;29;797;-1;3;125
1;130;1557;0;1968;3210;-2;1;100
1;131;1557;0;1968;1302;-2;2;130
1;132;1557;0;20;1302;-1;3;131
1;133;1577;0;1948;1302;-2;3;131
1;134;1577;0;1948;1282;379;4;133
1;135;1577;1282;1948;20;-1;4;133
1;136;1557;1302;1968;631;-2;2;130
1;137;1557;1302;1906;631;334;3;136
1;138;3463;1302;62;631;-1;3;136
1;139;1557;1933;1968;607;-2;2;130
1;140;1557;1933;195;607;-2;3;139
1;141;1557;1933;195;464;235;4;140
1;142;1557;2397;195;143;-1;4;140
1;143;1752;1933;20;607;-1;3;139
1;144;1772;1933;1101;607;-2;3;139
1;145;1772;1933;1101;579;429;4;144
1;146;1772;2512;1101;28;-1;4;144
1;147;2873;1933;485;607;-2;3;139
1;148;2873;1933;485;587;275;4;147
1;149;2873;2520;485;20;-1;4;147
1;150;3358;1933;167;607;-1;3;139
1;151;1557;2540;1968;670;-2;2;130
1;152;1557;2540;1906;670;-2;3;151
1;153;1557;2540;1906;631;335;4;152
1;154;1557;3171;1906;39;-1;4;152
1;155;3463;2540;62;670;-1;3;151
1;156;3525;0;1410;3210;-2;1;100
1;157;3525;0;1410;20;-1;2;156
1;158;3525;20;1410;1568;-2;2;156
1;159;3525;20;470;1568;306;3;158
1;160;3995;20;470;1568;307;3;158
1;161;4465;20;470;1568;308;3;158
1;162;3525;1588;1410;1622;-2;2;156
1;163;3525;1588;1390;1622;-2;3;162
1;164;3525;1588;1390;1586;309;4;163
1;165;3525;3174;1390;36;-1;4;163
1;166;4915;1588;20;1622;-1;3;162
1;167;4935;0;1038;3210;-2;1;100
1;168;4935;0;1038;444;70;2;167
1;169;4935;444;1038;445;71;2;167
1;170;4935;889;1038;444;72;2;167
1;171;4935;1333;1038;444;73;2;167
1;172;4935;1777;1038;445;74;2;167
1;173;4935;2222;1038;455;75;2;167
1;174;4935;2677;1038;533;-2;2;167
1;175;4935;2677;587;533;-2;3;174
1;176;4935;2677;587;485;276;4;175
1;177;4935;3162;587;48;-1;4;175
1;178;5522;2677;375;533;-2;3;174
1;179;5522;2677;375;414;423;4;178
1;180;5522;3091;375;119;-1;4;178
1;181;5897;2677;76;533;-1;3;174
1;182;5973;0;27;3210;-1;1;100
2;183;0;0;6000;3210;-2;0;
2;184;0;0;1282;3210;-2;1;183
2;185;0;0;1282;39;-1;2;184
2;186;0;39;1282;1948;380;2;184
2;187;0;1987;1282;546;-2;2;184
2;188;0;1987;625;546;125;3;187
2;189;625;1987;625;546;126;3;187
2;190;1250;1987;32;546;-1;3;187
2;191;0;2533;1282;677;-2;2;184
2;192;0;2533;1232;677;-2;3;191
2;193;0;2533;1232;626;424;4;192
2;194;0;3159;1232;51;-1;4;192
2;195;1232;2533;50;677;-1;3;191
2;196;1282;0;1390;3210;-2;1;183
2;197;1282;0;1390;1586;310;2;196
2;198;1282;1586;1390;1586;311;2;196
2;199;1282;3172;1390;38;-1;2;196
2;200;2672;0;455;3210;-2;1;183
2;201;2672;0;455;1038;76;2;200
2;202;2672;1038;455;1038;77;2;200
2;203;2672;2076;455;1038;78;2;200
2;204;2672;3114;455;96;-1;2;200
2;205;3127;0;479;3210;-2;1;183
2;206;3127;0;479;98;-1;2;205
2;207;3127;98;479;1038;-2;2;205
2;208;3127;98;455;1038;79;3;207
2;209;3582;98;24;1038;-1;3;207
2;210;3127;1136;479;1975;127;2;205
2;211;3127;3111;479;99;-1;2;205
2;212;3606;0;388;3210;-2;1;183
2;213;3606;0;388;1821;-2;2;212
2;214;3606;0;358;1821;1;3;213
2;215;3964;0;30;1821;-1;3;213
2;216;3606;1821;388;1389;-2;2;212
2;217;3606;1821;368;1389;-2;3;216
2;218;3606;1821;368;1315;197;4;217
2;219;3606;3136;368;74;-1;4;217
2;220;3974;1821;20;1389;-1;3;216
2;221;3994;0;1525;3210;-2;1;183
2;222;3994;0;1525;1586;-2;2;221
2;223;3994;0;44;1586;-1;3;222
2;224;4038;0;1481;1586;312;3;222
2;225;3994;1586;1525;1624;-2;2;221
2;226;3994;1586;44;1624;-1;3;225
2;227;4038;1586;1481;1624;-2;3;225
2;228;4038;1586;1481;1586;313;4;227
2;229;4038;3172;1481;38;-1;4;227
2;230;5519;0;481;3210;-2;1;183
2;231;5519;0;481;1108;-2;2;230
2;232;5519;0;450;1108;427;3;231
2;233;5969;0;31;1108;-1;3;231
2;234;5519;1108;481;1370;-2;2;230
2;235;5519;1108;453;1370;158;3;234
2;236;5972;1108;28;1370;-1;3;234
2;237;5519;2478;481;732;-2;2;230
2;238;5519;2478;443;732;-2;3;237
2;239;5519;2478;443;695;236;4;238
2;240;5519;3173;443;37;-1;4;238
2;241;5962;2478;38;732;-1;3;237
3;242;0;0;6000;3210;-2;0;
3;243;0;0;3375;3210;-2;1;242
3;244;0;0;3375;1997;-2;2;243
3;245;0;0;1125;1997;381;3;244
3;246;1125;0;1125;1997;382;3;244
3;247;2250;0;1125;1997;383;3;244
3;248;0;1997;3375;1213;-2;2;243
3;249;0;1997;1997;1213;-2;3;248
3;250;0;1997;1997;1125;384;4;249
3;251;0;3122;1997;88;-1;4;249
3;252;1997;1997;846;1213;-2;3;248
3;253;1997;1997;846;1154;336;4;252
3;254;1997;3151;846;59;-1;4;252
3;255;2843;1997;479;1213;-2;3;248
3;256;2843;1997;479;1154;337;4;255
3;257;2843;3151;479;59;-1;4;255
3;258;3322;1997;53;1213;-1;3;248
3;259;3375;0;1257;3210;-2;1;242
3;260;3375;0;1257;1787;385;2;259
3;261;3375;1787;1257;1423;-2;2;259
3;262;3375;1787;453;1423;-2;3;261
3;263;3375;1787;453;1370;159;4;262
3;264;3375;3157;453;53;-1;4;262
3;265;3828;1787;453;1423;-2;3;261
3;266;3828;1787;453;1370;160;4;265
3;267;3828;3157;453;53;-1;4;265
3;268;4281;1787;325;1423;-2;3;261
3;269;4281;1787;325;1307;277;4;268
3;270;4281;3094;325;116;-1;4;268
3;271;4606;1787;26;1423;-1;3;261
3;272;4632;0;1368;3210;-2;1;242
3;273;4632;0;1368;695;-2;2;272
3;274;4632;0;443;695;237;3;273
3;275;5075;0;443;695;238;3;273
3;276;5518;0;443;695;239;3;273
3;277;5961;0;39;695;-1;3;273
3;278;4632;695;1368;368;-2;2;272
3;279;4632;695;1315;368;198;3;278
3;280;5947;695;53;368;-1;3;278
3;281;4632;1063;1368;325;-2;2;272
3;282;4632;1063;1307;325;278;3;281
3;283;5939;1063;61;325;-1;3;281
3;284;4632;1388;1368;1822;-2;2;272
3;285;4632;1388;671;1822;-2;3;284
3;286;4632;1388;671;1795;279;4;285
3;287;4632;3183;671;27;-1;4;285
3;288;5303;1388;671;1822;-2;3;284
3;289;5303;1388;671;1795;280;4;288
3;290;5303;3183;671;27;-1;4;288
3;291;5974;1388;26;1822;-1;3;284
4;292;0;0;6000;3210;-2;0;
4;293;0;0;479;3210;-2;1;292
4;294;0;0;479;1975;128;2;293
4;295;0;1975;479;1154;338;2;293
4;296;0;3129;479;81;-1;2;293
4;297;479;0;1257;3210;-2;1;292
4;298;479;0;1257;1787;386;2;297
4;299;479;1787;1257;463;-2;2;297
4;300;479;1787;1140;463;161;3;299
4;301;1619;1787;117;463;-1;3;299
4;302;479;2250;1257;960;-2;2;297
4;303;479;2250;734;960;403;3;302
4;304;1213;2250;489;960;-2;3;302
4;305;1213;2250;489;925;129;4;304
4;306;1213;3175;489;35;-1;4;304
4;307;1702;2250;34;960;-1;3;302
4;308;1736;0;1810;3210;-2;1;292
4;309;1736;0;1810;1257;-2;2;308
4;310;1736;0;1787;1257;387;3;309
4;311;3523;0;23;1257;-1;3;309
4;312;1736;1257;1810;1257;-2;2;308
4;313;1736;1257;1787;1257;388;3;312
4;314;3523;1257;23;1257;-1;3;312
4;315;1736;2514;1810;284;-2;2;308
4;316;1736;2514;1790;284;240;3;315
4;317;3526;2514;20;284;-1;3;315
4;318;1736;2798;1810;412;-2;2;308
4;319;1736;2798;1790;412;-2;3;318
4;320;1736;2798;1790;284;241;4;319
4;321;1736;3082;1790;128;-1;4;319
4;322;3526;2798;20;412;-1;3;318
4;323;3546;0;1274;3210;-2;1;292
4;324;3546;0;1274;1877;-2;2;323
4;325;3546;0;1250;1877;389;3;324
4;326;4796;0;24;1877;-1;3;324
4;327;3546;1877;1274;801;-2;2;323
4;328;3546;1877;1254;801;314;3;327
4;329;4800;1877;20;801;-1;3;327
4;330;3546;2678;1274;532;-2;2;323
4;331;3546;2678;1238;532;-2;3;330
4;332;3546;2678;1238;503;288;4;331
4;333;3546;3181;1238;29;-1;4;331
4;334;4784;2678;36;532;-1;3;330
4;335;4820;0;1180;3210;-2;1;292
4;336;4820;0;1180;479;-2;2;335
4;337;4820;0;1154;479;339;3;336
4;338;5974;0;26;479;-1;3;336
4;339;4820;479;1180;463;-2;2;335
4;340;4820;479;1140;463;162;3;339
4;341;5960;479;40;463;-1;3;339
4;342;4820;942;1180;479;-2;2;335
4;343;4820;942;1154;479;340;3;342
4;344;5974;942;26;479;-1;3;342
4;345;4820;1421;1180;384;-2;2;335
4;346;4820;1421;1109;384;163;3;345
4;347;5929;1421;71;384;-1;3;345
4;348;4820;1805;1180;1405;-2;2;335
4;349;4820;1805;348;1405;-2;3;348
4;350;4820;1805;348;158;-2;4;349
4;351;4820;1963;348;1247;130;4;349
4;352;5168;1805;801;1405;-2;3;348
4;353;5168;1805;801;1344;315;4;352
4;354;5168;3149;801;61;-1;4;352
4;355;5969;1805;31;1405;-1;3;348
5;356;0;0;6000;3210;-2;0;
5;357;0;0;1405;3210;-2;1;356
5;358;0;0;1405;20;-1;2;357
5;359;0;20;1405;1405;289;2;357
5;360;0;1425;1405;666;-2;2;357
5;361;0;1425;1337;666;242;3;360
5;362;1337;1425;68;666;-1;3;360
5;363;0;2091;1405;1119;-2;2;357
5;364;0;2091;469;1119;-2;3;363
5;365;0;2091;469;1066;2;4;364
5;366;0;3157;469;53;-1;4;364
5;367;469;2091;455;1119;-2;3;363
5;368;469;2091;455;1038;80;4;367
5;369;469;3129;455;81;-1;4;367
5;370;924;2091;455;1119;-2;3;363
5;371;924;2091;455;1038;81;4;370
5;372;924;3129;455;81;-1;4;370
5;373;1379;2091;26;1119;-1;3;363
5;374;1405;0;2500;3210;-2;1;356
5;375;1405;0;2500;1877;-2;2;374
5;376;1405;0;1250;1877;390;3;375
5;377;2655;0;1250;1877;391;3;375
5;378;1405;1877;2500;1333;-2;2;374
5;379;1405;1877;1021;1333;-2;3;378
5;380;1405;1877;1021;1283;316;4;379
5;381;1405;3160;1021;50;-1;4;379
5;382;2426;1877;302;1333;-2;3;378
5;383;2426;1877;302;1297;243;4;382
5;384;2426;3174;302;36;-1;4;382
5;385;2728;1877;302;1333;-2;3;378
5;386;2728;1877;302;1297;244;4;385
5;387;2728;3174;302;36;-1;4;385
5;388;3030;1877;20;1333;-1;3;378
5;389;3050;1877;468;1333;-2;3;378
5;390;3050;1877;468;1310;3;4;389
5;391;3050;3187;468;23;-1;4;389
5;392;3518;1877;349;1333;-2;3;378
5;393;3518;1877;349;1243;131;4;392
5;394;3518;3120;349;90;-1;4;392
5;395;3867;1877;38;1333;-1;3;378
5;396;3905;0;2064;3210;-2;1;356
5;397;3905;0;2064;1071;-2;2;396
5;398;3905;0;2044;1071;132;3;397
5;399;5949;0;20;1071;-1;3;397
5;400;3905;1071;2064;1071;-2;2;396
5;401;3905;1071;2044;1071;133;3;400
5;402;5949;1071;20;1071;-1;3;400
5;403;3905;2142;2064;1068;-2;2;396
5;404;3905;2142;455;1068;-2;3;403
5;405;3905;2142;455;1038;82;4;404
5;406;3905;3180;455;30;-1;4;404
5;407;4360;2142;455;1068;-2;3;403
5;408;4360;2142;455;1038;83;4;407
5;409;4360;3180;455;30;-1;4;407
5;410;4815;2142;455;1068;-2;3;403
5;411;4815;2142;455;1038;84;4;410
5;412;4815;3180;455;30;-1;4;410
5;413;5270;2142;671;1068;-2;3;403
5;414;5270;2142;671;1020;199;4;413
5;415;5270;3162;671;48;-1;4;413
5;416;5941;2142;28;1068;-1;3;403
5;417;5969;0;31;3210;-1;1;356
6;418;0;0;6000;3210;-2;0;
6;419;0;0;2500;3210;-2;1;418
6;420;0;0;2500;1877;-2;2;419
6;421;0;0;1250;1877;392;3;420
6;422;1250;0;1250;1877;393;3;420
6;423;0;1877;2500;1333;-2;2;419
6;424;0;1877;1021;1333;-2;3;423
6;425;0;1877;1021;1283;317;4;424
6;426;0;3160;1021;50;-1;4;424
6;427;1021;1877;1021;1333;-2;3;423
6;428;1021;1877;1021;1283;318;4;427
6;429;1021;3160;1021;50;-1;4;427
6;430;2042;1877;402;1333;-2;3;423
6;431;2042;1877;402;1297;245;4;430
6;432;2042;3174;402;36;-1;4;430
6;433;2444;1877;56;1333;-1;3;423
6;434;2500;0;1774;3210;-2;1;418
6;435;2500;0;1774;1109;281;2;434
6;436;2500;1109;1774;964;-2;2;434
6;437;2500;1109;219;964;4;3;436
6;438;2719;1109;27;964;-1;3;436
6;439;2746;1109;610;964;-2;3;436
6;440;2746;1109;610;928;428;4;439
6;441;2746;2037;610;36;-1;4;439
6;442;3356;1109;414;964;-2;3;436
6;443;3356;1109;414;844;134;4;442
6;444;3356;1953;414;120;-1;4;442
6;445;3770;1109;504;964;-2;3;436
6;446;3770;1109;504;894;135;4;445
6;447;3770;2003;504;70;-1;4;445
6;448;2500;2073;1774;1109;282;2;434
6;449;2500;3182;1774;28;-1;2;434
6;450;4274;0;385;3210;-2;1;418
6;451;4274;0;385;1063;164;2;450
6;452;4274;1063;385;1063;165;2;450
6;453;4274;2126;385;1063;166;2;450
6;454;4274;3189;385;21;-1;2;450
6;455;4659;0;1341;3210;-2;1;418
6;456;4659;0;1341;1054;-2;2;455
6;457;4659;0;115;1054;-1;3;456
6;458;4774;0;596;1054;136;3;456
6;459;5370;0;596;1054;137;3;456
6;460;5966;0;34;1054;-1;3;456
6;461;4659;1054;1341;402;-2;2;455
6;462;4659;1054;1297;402;246;3;461
6;463;5956;1054;44;402;-1;3;461
6;464;4659;1456;1341;302;-2;2;455
6;465;4659;1456;1297;302;247;3;464
6;466;5956;1456;44;302;-1;3;464
6;467;4659;1758;1341;302;-2;2;455
6;468;4659;1758;1297;302;248;3;467
6;469;5956;1758;44;302;-1;3;467
6;470;4659;2060;1341;1150;-2;2;455
6;471;4659;2060;428;1150;-2;3;470
6;472;4659;2060;428;1093;85;4;471
6;473;4659;3153;428;57;-1;4;471
6;474;5087;2060;428;1150;-2;3;470
6;475;5087;2060;428;1093;86;4;474
6;476;5087;3153;428;57;-1;4;474
6;477;5515;2060;428;1150;-2;3;470
6;478;5515;2060;428;1093;87;4;477
6;479;5515;3153;428;57;-1;4;477
6;480;5943;2060;57;1150;-1;3;470
7;481;0;0;6000;3210;-2;0;
7;482;0;0;1250;3210;-2;1;481
7;483;0;0;1250;1877;394;2;482
7;484;0;1877;1250;1333;-2;2;482
7;485;0;1877;402;1333;-2;3;484
7;486;0;1877;402;1297;249;4;485
7;487;0;3174;402;36;-1;4;485
7;488;402;1877;402;1333;-2;3;484
7;489;402;1877;402;1297;250;4;488
7;490;402;3174;402;36;-1;4;488
7;491;804;1877;402;1333;-2;3;484
7;492;804;1877;402;1297;251;4;491
7;493;804;3174;402;36;-1;4;491
7;494;1206;1877;44;1333;-1;3;484
7;495;1250;0;1908;3210;-2;1;481
7;496;1250;0;1908;1257;-2;2;495
7;497;1250;0;1877;1257;395;3;496
7;498;3127;0;31;1257;-1;3;496
7;499;1250;1257;1908;1257;-2;2;495
7;500;1250;1257;1877;1257;396;3;499
7;501;3127;1257;31;1257;-1;3;499
7;502;1250;2514;1908;696;-2;2;495
7;503;1250;2514;1020;696;-2;3;502
7;504;1250;2514;1020;671;200;4;503
7;505;1250;3185;1020;25;-1;4;503
7;506;2270;2514;434;696;-2;3;502
7;507;2270;2514;434;626;138;4;506
7;508;2270;3140;434;70;-1;4;506
7;509;2704;2514;434;696;-2;3;502
7;510;2704;2514;434;626;139;4;509
7;511;2704;3140;434;70;-1;4;509
7;512;3138;2514;20;696;-1;3;502
7;513;3158;0;1154;3210;-2;1;481
7;514;3158;0;1154;1774;-2;2;513
7;515;3158;0;1109;1774;283;3;514
7;516;4267;0;45;1774;-1;3;514
7;517;3158;1774;1154;385;-2;2;513
7;518;3158;1774;1063;385;167;3;517
7;519;4221;1774;91;385;-1;3;517
7;520;3158;2159;1154;594;341;2;513
7;521;3158;2753;1154;457;-2;2;513
7;522;3158;2753;1093;457;-2;3;521
7;523;3158;2753;1093;428;88;4;522
7;524;3158;3181;1093;29;-1;4;522
7;525;4251;2753;61;457;-1;3;521
7;526;4312;0;455;3210;-2;1;481
7;527;4312;0;455;1038;89;2;526
7;528;4312;1038;455;1038;90;2;526
7;529;4312;2076;455;1038;91;2;526
7;530;4312;3114;455;96;-1;2;526
7;531;4767;0;754;3210;-2;1;481
7;532;4767;0;754;835;-2;2;531
7;533;4767;0;680;835;-2;3;532
7;534;4767;0;680;795;290;4;533
7;535;4767;795;680;40;-1;4;533
7;536;5447;0;74;835;-1;3;532
7;537;4767;835;754;1288;-2;2;531
7;538;4767;835;719;1288;252;3;537
7;539;5486;835;35;1288;-1;3;537
7;540;4767;2123;754;1087;-2;2;531
7;541;4767;2123;734;1087;-2;3;540
7;542;4767;2123;734;126;-2;4;541
7;543;4767;2249;734;961;404;4;541
7;544;5501;2123;20;1087;-1;3;540
7;545;5521;0;455;3210;-2;1;481
7;546;5521;0;455;1038;92;2;545
7;547;5521;1038;455;1038;93;2;545
7;548;5521;2076;455;1038;94;2;545
7;549;5521;3114;455;96;-1;2;545
7;550;5976;0;24;3210;-1;1;481
8;551;0;0;6000;3210;-2;0;
8;552;0;0;1898;3210;-2;1;551
8;553;0;0;1898;774;405;2;552
8;554;0;774;1898;869;406;2;552
8;555;0;1643;1898;1257;-2;2;552
8;556;0;1643;1877;1257;397;3;555
8;557;1877;1643;21;1257;-1;3;555
8;558;0;2900;1898;310;-2;2;552
8;559;0;2900;761;310;-2;3;558
8;560;0;2900;761;290;201;4;559
8;561;0;3190;761;20;-1;4;559
8;562;761;2900;761;310;-2;3;558
8;563;761;2900;761;290;202;4;562
8;564;761;3190;761;20;-1;4;562
8;565;1522;2900;376;310;-1;3;558
8;566;1898;0;1348;3210;-2;1;551
8;567;1898;0;1348;1194;-2;2;566
8;568;1898;0;1288;1194;-2;3;567
8;569;1898;0;1288;1174;253;4;568
8;570;1898;1174;1288;20;-1;4;568
8;571;3186;0;60;1194;-1;3;567
8;572;1898;1194;1348;543;203;2;566
8;573;1898;1737;1348;1473;-2;2;566
8;574;1898;1737;566;1473;-2;3;573
8;575;1898;1737;566;1448;5;4;574
8;576;1898;3185;566;25;-1;4;574
8;577;2464;1737;688;1473;-2;3;573
8;578;2464;1737;688;1413;6;4;577
8;579;2464;3150;688;60;-1;4;577
8;580;3152;1737;94;1473;-1;3;573
8;581;3246;0;1020;3210;-2;1;551
8;582;3246;0;1020;360;-2;2;581
8;583;3246;0;991;360;7;3;582
8;584;4237;0;29;360;-1;3;582
8;585;3246;360;1020;952;-2;2;581
8;586;3246;360;556;952;168;3;585
8;587;3802;360;404;952;-2;3;585
8;588;3802;360;404;29;-1;4;587
8;589;3802;389;404;923;140;4;587
8;590;4206;360;60;952;-1;3;585
8;591;3246;1312;1020;671;204;2;581
8;592;3246;1983;1020;671;205;2;581
8;593;3246;2654;1020;556;-2;2;581
8;594;3246;2654;952;556;169;3;593
8;595;4198;2654;68;556;-1;3;593
8;596;4266;0;1688;3210;-2;1;551
8;597;4266;0;1688;664;407;2;596
8;598;4266;664;1688;1270;408;2;596
8;599;4266;1934;1688;1276;-2;2;596
8;600;4266;1934;1194;1276;-2;3;599
8;601;4266;1934;1194;1244;342;4;600
8;602;4266;3178;1194;32;-1;4;600
8;603;5460;1934;428;1276;-2;3;599
8;604;5460;1934;428;1093;95;4;603
8;605;5460;3027;428;183;-1;4;603
8;606;5888;1934;66;1276;-1;3;599
8;607;5954;0;46;3210;-1;1;551
9;608;0;0;6000;3210;-2;0;
9;609;0;0;1877;3210;-2;1;608
9;610;0;0;1877;664;-2;2;609
9;611;0;0;1778;664;409;3;610
9;612;1778;0;99;664;-1;3;610
9;613;0;664;1877;1257;398;2;609
9;614;0;1921;1877;1257;399;2;609
9;615;0;3178;1877;32;-1;2;609
9;616;1877;0;1778;3210;-2;1;608
9;617;1877;0;1778;1270;410;2;616
9;618;1877;1270;1778;744;-2;2;616
9;619;1877;1270;1736;744;343;3;618
9;620;3613;1270;42;744;-1;3;618
9;621;1877;2014;1778;1196;-2;2;616
9;622;1877;2014;1288;1196;-2;3;621
9;623;1877;2014;1288;1174;254;4;622
9;624;1877;3188;1288;22;-1;4;622
9;625;3165;2014;428;1196;-2;3;621
9;626;3165;2014;428;1093;96;4;625
9;627;3165;3107;428;103;-1;4;625
9;628;3593;2014;62;1196;-1;3;621
9;629;3655;0;1109;3210;-2;1;608
9;630;3655;0;1109;1774;284;2;629
9;631;3655;1774;1109;1436;-2;2;629
9;632;3655;1774;1021;1436;-2;3;631
9;633;3655;1774;1021;1283;319;4;632
9;634;3655;3057;1021;153;-1;4;632
9;635;4676;1774;88;1436;-1;3;631
9;636;4764;0;1211;3210;-2;1;608
9;637;4764;0;1211;595;-2;2;636
9;638;4764;0;1191;595;8;3;637
9;639;5955;0;20;595;-1;3;637
9;640;4764;595;1211;1283;-2;2;636
9;641;4764;595;1181;1283;320;3;640
9;642;5945;595;30;1283;-1;3;640
9;643;4764;1878;1211;1332;-2;2;636
9;644;4764;1878;1181;1332;-2;3;643
9;645;4764;1878;1181;1283;321;4;644
9;646;4764;3161;1181;49;-1;4;644
9;647;5945;1878;30;1332;-1;3;643
9;648;5975;0;25;3210;-1;1;608
10;649;0;0;6000;3210;-2;0;
10;650;0;0;2362;3210;-2;1;649
10;651;0;0;2362;1677;-2;2;650
10;652;0;0;1181;1677;322;3;651
10;653;1181;0;1181;1677;323;3;651
10;654;0;1677;2362;428;-2;2;650
10;655;0;1677;1093;428;97;3;654
10;656;1093;1677;1093;428;98;3;654
10;657;2186;1677;176;428;-1;3;654
10;658;0;2105;2362;1105;-2;2;650
10;659;0;2105;923;1105;-2;3;658
10;660;0;2105;923;1085;141;4;659
10;661;0;3190;923;20;-1;4;659
10;662;923;2105;420;1105;-2;3;658
10;663;923;2105;420;845;170;4;662
10;664;923;2950;420;260;-1;4;662
10;665;1343;2105;970;1105;-2;3;658
10;666;1343;2105;970;1085;142;4;665
10;667;1343;3190;970;20;-1;4;665
10;668;2313;2105;49;1105;-1;3;658
10;669;2362;0;1270;3210;-2;1;649
10;670;2362;0;1270;1778;411;2;669
10;671;2362;1778;1270;1432;-2;2;669
10;672;2362;1778;1250;1432;-2;3;671
10;673;2362;1778;1250;1315;324;4;672
10;674;2362;3093;1250;117;-1;4;672
10;675;3612;1778;20;1432;-1;3;671
10;676;3632;0;1020;3210;-2;1;649
10;677;3632;0;1020;2343;-2;2;676
10;678;3632;0;995;2343;143;3;677
10;679;4627;0;25;2343;-1;3;677
10;680;3632;2343;1020;867;-2;2;676
10;681;3632;2343;420;867;-2;3;680
10;682;3632;2343;420;845;171;4;681
10;683;3632;3188;420;22;-1;4;681
10;684;4052;2343;290;867;-2;3;680
10;685;4052;2343;290;761;206;4;684
10;686;4052;3104;290;106;-1;4;684
10;687;4342;2343;290;867;-2;3;680
10;688;4342;2343;290;761;207;4;687
10;689;4342;3104;290;106;-1;4;687
10;690;4632;2343;20;867;-1;3;680
10;691;4652;0;1348;3210;-2;1;649
10;692;4652;0;1348;543;208;2;691
10;693;4652;543;1348;543;209;2;691
10;694;4652;1086;1348;1340;-2;2;691
10;695;4652;1086;1315;1340;325;3;694
10;696;5967;1086;33;1340;-1;3;694
10;697;4652;2426;1348;784;-2;2;691
10;698;4652;2426;1296;784;-2;3;697
10;699;4652;2426;1296;65;-2;4;698
10;700;4652;2491;1296;719;255;4;698
10;701;5948;2426;52;784;-1;3;697
11;702;0;0;6000;3210;-2;0;
11;703;0;0;2630;3210;-2;1;702
11;704;0;0;2630;1279;-2;2;703
11;705;0;0;1315;1279;326;3;704
11;706;1315;0;1315;1279;327;3;704
11;707;0;1279;2630;1931;-2;2;703
11;708;0;1279;1315;1931;-2;3;707
11;709;0;1279;1315;1860;328;4;708
11;710;0;3139;1315;71;-1;4;708
11;711;1315;1279;1315;1931;-2;3;707
11;712;1315;1279;1315;1860;329;4;711
11;713;1315;3139;1315;71;-1;4;711
11;714;2630;0;1535;3210;-2;1;702
11;715;2630;0;1535;2069;-2;2;714
11;716;2630;0;1387;2069;330;3;715
11;717;4017;0;148;2069;-1;3;715
11;718;2630;2069;1535;665;291;2;714
11;719;2630;2734;1535;476;-2;2;714
11;720;2630;2734;1416;476;-2;3;719
11;721;2630;2734;1416;425;9;4;720
11;722;2630;3159;1416;51;-1;4;720
11;723;4046;2734;119;476;-1;3;719
11;724;4165;0;1808;3210;-2;1;702
11;725;4165;0;1808;1088;-2;2;724
11;726;4165;0;1777;1088;412;3;725
11;727;5942;0;31;1088;-1;3;725
11;728;4165;1088;1808;1093;-2;2;724
11;729;4165;1088;1777;1093;413;3;728
11;730;5942;1088;31;1093;-1;3;728
11;731;4165;2181;1808;1029;-2;2;724
11;732;4165;2181;904;1029;-2;3;731
11;733;4165;2181;904;1009;210;4;732
11;734;4165;3190;904;20;-1;4;732
11;735;5069;2181;904;1029;-2;3;731
11;736;5069;2181;904;1009;211;4;735
11;737;5069;3190;904;20;-1;4;735
11;738;5973;0;27;3210;-1;1;702
12;739;0;0;6000;3210;-2;0;
12;740;0;0;664;3210;-2;1;739
12;741;0;0;664;2076;172;2;740
12;742;0;2076;664;564;-2;2;740
12;743;0;2076;526;564;99;3;742
12;744;526;2076;138;564;-1;3;742
12;745;0;2640;664;570;-2;2;740
12;746;0;2640;564;570;-2;3;745
12;747;0;2640;564;526;100;4;746
12;748;0;3166;564;44;-1;4;746
12;749;564;2640;100;570;-1;3;745
12;750;664;0;1964;3210;-2;1;739
12;751;664;0;1964;444;-2;2;750
12;752;664;0;1936;444;344;3;751
12;753;2600;0;28;444;-1;3;751
12;754;664;444;1964;836;-2;2;750
12;755;664;444;1944;836;345;3;754
12;756;2608;444;20;836;-1;3;754
12;757;664;1280;1964;1930;-2;2;750
12;758;664;1280;982;1930;-2;3;757
12;759;664;1280;982;1867;414;4;758
12;760;664;3147;982;63;-1;4;758
12;761;1646;1280;982;1930;-2;3;757
12;762;1646;1280;982;1867;415;4;761
12;763;1646;3147;982;63;-1;4;761
12;764;2628;0;1296;3210;-2;1;739
12;765;2628;0;1296;1877;-2;2;764
12;766;2628;0;1257;1877;400;3;765
12;767;3885;0;39;1877;-1;3;765
12;768;2628;1877;1296;590;-2;2;764
12;769;2628;1877;575;590;212;3;768
12;770;3203;1877;575;590;213;3;768
12;771;3778;1877;146;590;-1;3;768
12;772;2628;2467;1296;719;256;2;764
12;773;2628;3186;1296;24;-1;2;764
12;774;3924;0;1629;3210;-2;1;739
12;775;3924;0;1629;995;144;2;774
12;776;3924;995;1629;363;-2;2;774
12;777;3924;995;1603;363;101;3;776
12;778;5527;995;26;363;-1;3;776
12;779;3924;1358;1629;363;-2;2;774
12;780;3924;1358;1603;363;102;3;779
12;781;5527;1358;26;363;-1;3;779
12;782;3924;1721;1629;363;-2;2;774
12;783;3924;1721;1603;363;103;3;782
12;784;5527;1721;26;363;-1;3;782
12;785;3924;2084;1629;363;-2;2;774
12;786;3924;2084;1603;363;104;3;785
12;787;5527;2084;26;363;-1;3;785
12;788;3924;2447;1629;363;-2;2;774
12;789;3924;2447;1603;363;105;3;788
12;790;5527;2447;26;363;-1;3;788
12;791;3924;2810;1629;400;-2;2;774
12;792;3924;2810;1603;400;-2;3;791
12;793;3924;2810;1603;363;106;4;792
12;794;3924;3173;1603;37;-1;4;792
12;795;5527;2810;26;400;-1;3;791
12;796;5553;0;410;3210;-2;1;739
12;797;5553;0;410;867;-2;2;796
12;798;5553;0;261;867;-2;3;797
12;799;5553;0;261;828;10;4;798
12;800;5553;828;261;39;-1;4;798
12;801;5814;0;149;867;-1;3;797
12;802;5553;867;410;1016;173;2;796
12;803;5553;1883;410;1327;-2;2;796
12;804;5553;1883;340;1327;-2;3;803
12;805;5553;1883;340;1138;346;4;804
12;806;5553;3021;340;189;-1;4;804
12;807;5893;1883;70;1327;-1;3;803
12;808;5963;0;37;3210;-1;1;739
13;809;0;0;6000;3210;-2;0;
13;810;0;0;1296;3210;-2;1;809
13;811;0;0;1296;2095;-2;2;810
13;812;0;0;635;2095;214;3;811
13;813;635;0;635;2095;215;3;811
13;814;1270;0;26;2095;-1;3;811
13;815;0;2095;1296;340;-2;2;810
13;816;0;2095;1138;340;347;3;815
13;817;1138;2095;158;340;-1;3;815
13;818;0;2435;1296;719;257;2;810
13;819;0;3154;1296;56;-1;2;810
13;820;1296;0;1058;3210;-2;1;809
13;821;1296;0;1058;1867;-2;2;820
13;822;1296;0;982;1867;416;3;821
13;823;2278;0;76;1867;-1;3;821
13;824;1296;1867;1058;410;-2;2;820
13;825;1296;1867;1016;410;174;3;824
13;826;2312;1867;42;410;-1;3;824
13;827;1296;2277;1058;484;216;2;820
13;828;1296;2761;1058;449;-2;2;820
13;829;1296;2761;948;449;-2;3;828
13;830;1296;2761;948;381;11;4;829
13;831;1296;3142;948;68;-1;4;829
13;832;2244;2761;110;449;-1;3;828
13;833;2354;0;1820;3210;-2;1;809
13;834;2354;0;1820;1370;175;2;833
13;835;2354;1370;1820;1370;176;2;833
13;836;2354;2740;1820;470;-2;2;833
13;837;2354;2740;1686;470;-2;3;836
13;838;2354;2740;1686;449;12;4;837
13;839;2354;3189;1686;21;-1;4;837
13;840;4040;2740;134;470;-1;3;836
13;841;4174;0;1803;3210;-2;1;809
13;842;4174;0;1803;900;217;2;841
13;843;4174;900;1803;1109;-2;2;841
13;844;4174;900;1774;1109;285;3;843
13;845;5948;900;29;1109;-1;3;843
13;846;4174;2009;1803;1201;-2;2;841
13;847;4174;2009;1774;1201;-2;3;846
13;848;4174;2009;1774;1109;286;4;847
13;849;4174;3118;1774;92;-1;4;847
13;850;5948;2009;29;1201;-1;3;846
13;851;5977;0;23;3210;-1;1;809
14;852;0;0;6000;3210;-2;0;
14;853;0;0;1867;3210;-2;1;852
14;854;0;0;1867;982;417;2;853
14;855;0;982;1867;1088;418;2;853
14;856;0;2070;1867;1093;419;2;853
14;857;0;3163;1867;47;-1;2;853
14;858;1867;0;480;3210;-2;1;852
14;859;1867;0;480;2035;-2;2;858
14;860;1867;0;460;2035;177;3;859
14;861;2327;0;20;2035;-1;3;859
14;862;1867;2035;480;985;218;2;858
14;863;1867;3020;480;190;-1;2;858
14;864;2347;0;460;3210;-2;1;852
14;865;2347;0;460;2035;178;2;864
14;866;2347;2035;460;1175;-2;2;864
14;867;2347;2035;425;1175;-2;3;866
14;868;2347;2035;425;1085;179;4;867
14;869;2347;3120;425;90;-1;4;867
14;870;2772;2035;35;1175;-1;3;866
14;871;2807;0;1194;3210;-2;1;852
14;872;2807;0;1194;897;-2;2;871
14;873;2807;0;1166;897;-2;3;872
14;874;2807;0;1166;839;292;4;873
14;875;2807;839;1166;58;-1;4;873
14;876;3973;0;28;897;-1;3;872
14;877;2807;897;1194;1296;-2;2;871
14;878;2807;897;1174;1296;258;3;877
14;879;3981;897;20;1296;-1;3;877
14;880;2807;2193;1194;1017;-2;2;871
14;881;2807;2193;480;1017;-2;3;880
14;882;2807;2193;480;985;219;4;881
14;883;2807;3178;480;32;-1;4;881
14;884;3287;2193;155;1017;-1;3;880
14;885;3442;2193;445;1017;-2;3;880
14;886;3442;2193;445;948;348;4;885
14;887;3442;3141;445;69;-1;4;885
14;888;3887;2193;114;1017;-1;3;880
14;889;4001;0;1999;3210;-2;1;852
14;890;4001;0;1999;363;-2;2;889
14;891;4001;0;1603;363;107;3;890
14;892;5604;0;396;363;-1;3;890
14;893;4001;363;1999;444;-2;2;889
14;894;4001;363;1936;444;349;3;893
14;895;5937;363;63;444;-1;3;893
14;896;4001;807;1999;836;-2;2;889
14;897;4001;807;1944;836;350;3;896
14;898;5945;807;55;836;-1;3;896
14;899;4001;1643;1999;1174;-2;2;889
14;900;4001;1643;1296;1174;259;3;899
14;901;5297;1643;340;1174;-2;3;899
14;902;5297;1643;340;1138;351;4;901
14;903;5297;2781;340;36;-1;4;901
14;904;5637;1643;340;1174;-2;3;899
14;905;5637;1643;340;1138;352;4;904
14;906;5637;2781;340;36;-1;4;904
14;907;5977;1643;23;1174;-1;3;899
14;908;4001;2817;1999;393;-2;2;889
14;909;4001;2817;230;393;-1;3;908
14;910;4231;2817;1603;393;-2;3;908
14;911;4231;2817;1603;363;108;4;910
14;912;4231;3180;1603;30;-1;4;910
14;913;5834;2817;166;393;-1;3;908
15;914;0;0;6000;3210;-2;0;
15;915;0;0;1370;3210;-2;1;914
15;916;0;0;1370;1555;293;2;915
15;917;0;1555;1370;1555;294;2;915
15;918;0;3110;1370;100;-1;2;915
15;919;1370;0;1056;3210;-2;1;914
15;920;1370;0;1056;1869;331;2;919
15;921;1370;1869;1056;336;-2;2;919
15;922;1370;1869;1022;336;109;3;921
15;923;2392;1869;34;336;-1;3;921
15;924;1370;2205;1056;1005;-2;2;919
15;925;1370;2205;995;1005;-2;3;924
15;926;1370;2205;995;964;145;4;925
15;927;1370;3169;995;41;-1;4;925
15;928;2365;2205;61;1005;-1;3;924
15;929;2426;0;1316;3210;-2;1;914
15;930;2426;0;1316;1948;-2;2;929
15;931;2426;0;1281;1948;420;3;930
15;932;3707;0;35;1948;-1;3;930
15;933;2426;1948;1316;1262;-2;2;929
15;934;2426;1948;1296;1262;-2;3;933
15;935;2426;1948;1296;1174;260;4;934
15;936;2426;3122;1296;88;-1;4;934
15;937;3722;1948;20;1262;-1;3;933
15;938;3742;0;948;3210;-2;1;914
15;939;3742;0;948;2081;261;2;938
15;940;3742;2081;948;445;353;2;938
15;941;3742;2526;948;684;-2;2;938
15;942;3742;2526;905;684;-2;3;941
15;943;3742;2526;905;600;146;4;942
15;944;3742;3126;905;84;-1;4;942
15;945;4647;2526;43;684;-1;3;941
15;946;4690;0;1288;3210;-2;1;914
15;947;4690;0;1288;719;287;2;946
15;948;4690;719;1288;584;-2;2;946
15;949;4690;719;1158;584;13;3;948
15;950;5848;719;130;584;-1;3;948
15;951;4690;1303;1288;1907;-2;2;946
15;952;4690;1303;1257;1907;-2;3;951
15;953;4690;1303;1257;1877;354;4;952
15;954;4690;3180;1257;30;-1;4;952
15;955;5947;1303;31;1907;-1;3;951
15;956;5978;0;22;3210;-1;1;914
16;957;0;0;6000;3210;-2;0;
16;958;0;0;2607;3210;-2;1;957
16;959;0;0;2607;818;-2;2;958
16;960;0;0;847;818;262;3;959
16;961;847;0;847;818;263;3;959
16;962;1694;0;847;818;264;3;959
16;963;2541;0;66;818;-1;3;959
16;964;0;818;2607;479;-2;2;958
16;965;0;818;2226;479;14;3;964
16;966;2226;818;381;479;-1;3;964
16;967;0;1297;2607;1913;-2;2;958
16;968;0;1297;1257;1913;-2;3;967
16;969;0;1297;1257;1877;355;4;968
16;970;0;3174;1257;36;-1;4;968
16;971;1257;1297;955;1913;-2;3;967
16;972;1257;1297;955;1885;220;4;971
16;973;1257;3182;955;28;-1;4;971
16;974;2212;1297;395;1913;-2;3;967
16;975;2212;1297;395;1844;356;4;974
16;976;2212;3141;395;69;-1;4;974
16;977;2607;0;1803;3210;-2;1;957
16;978;2607;0;1803;775;-2;2;977
16;979;2607;0;1745;775;-2;3;978
16;980;2607;0;1745;715;295;4;979
16;981;2607;715;1745;60;-1;4;979
16;982;4352;0;58;775;-1;3;978
16;983;2607;775;1803;887;-2;2;977
16;984;2607;775;1770;887;357;3;983
16;985;4377;775;33;887;-1;3;983
16;986;2607;1662;1803;719;-2;2;977
16;987;2607;1662;1783;719;358;3;986
16;988;4390;1662;20;719;-1;3;986
16;989;2607;2381;1803;829;-2;2;977
16;990;2607;2381;1783;829;-2;3;989
16;991;2607;2381;1783;719;359;4;990
16;992;2607;3100;1783;110;-1;4;990
16;993;4390;2381;20;829;-1;3;989
16;994;4410;0;1155;3210;-2;1;957
16;995;4410;0;1155;333;-2;2;994
16;996;4410;0;1028;333;-2;3;995
16;997;4410;0;1028;293;110;4;996
16;998;4410;293;1028;40;-1;4;996
16;999;5438;0;127;333;-1;3;995
16;1000;4410;333;1155;2033;147;2;994
16;1001;4410;2366;1155;441;-2;2;994
16;1002;4410;2366;1061;441;221;3;1001
16;1003;5471;2366;94;441;-1;3;1001
16;1004;4410;2807;1155;403;-2;2;994
16;1005;4410;2807;1028;403;-2;3;1004
16;1006;4410;2807;1028;293;111;4;1005
16;1007;4410;3100;1028;110;-1;4;1005
16;1008;5438;2807;127;403;-1;3;1004
16;1009;5565;0;408;3210;-2;1;957
16;1010;5565;0;408;1478;112;2;1009
16;1011;5565;1478;408;1478;113;2;1009
16;1012;5565;2956;408;254;-1;2;1009
16;1013;5973;0;27;3210;-1;1;957
17;1014;0;0;6000;3210;-2;0;
17;1015;0;0;1384;3210;-2;1;1014
17;1016;0;0;1384;1725;-2;2;1015
17;1017;0;0;692;1725;222;3;1016
17;1018;692;0;692;1725;223;3;1016
17;1019;0;1725;1384;1485;-2;2;1015
17;1020;0;1725;692;1485;-2;3;1019
17;1021;0;1725;692;1382;224;4;1020
17;1022;0;3107;692;103;-1;4;1020
17;1023;692;1725;692;1485;-2;3;1019
17;1024;692;1725;692;1382;225;4;1023
17;1025;692;3107;692;103;-1;4;1023
17;1026;1384;0;859;3210;-2;1;1014
17;1027;1384;0;859;1784;15;2;1026
17;1028;1384;1784;859;1426;-2;2;1026
17;1029;1384;1784;704;1426;-2;3;1028
17;1030;1384;1784;704;1395;180;4;1029
17;1031;1384;3179;704;31;-1;4;1029
17;1032;2088;1784;155;1426;-1;3;1028
17;1033;2243;0;782;3210;-2;1;1014
17;1034;2243;0;782;1655;-2;2;1033
17;1035;2243;0;391;1655;16;3;1034
17;1036;2634;0;391;1655;17;3;1034
17;1037;2243;1655;782;1180;-2;2;1033
17;1038;2243;1655;351;1180;18;3;1037
17;1039;2594;1655;351;1180;19;3;1037
17;1040;2945;1655;80;1180;-1;3;1037
17;1041;2243;2835;782;375;-2;2;1033
17;1042;2243;2835;692;375;-2;3;1041
17;1043;2243;2835;692;348;226;4;1042
17;1044;2243;3183;692;27;-1;4;1042
17;1045;2935;2835;90;375;-1;3;1041
17;1046;3025;0;1783;3210;-2;1;1014
17;1047;3025;0;1783;1137;360;2;1046
17;1048;3025;1137;1783;2073;-2;2;1046
17;1049;3025;1137;20;2073;-1;3;1048
17;1050;3045;1137;578;2073;-2;3;1048
17;1051;3045;1137;578;1954;20;4;1050
17;1052;3045;3091;578;119;-1;4;1050
17;1053;3623;1137;1155;2073;-2;3;1048
17;1054;3623;1137;1155;40;-1;4;1053
17;1055;3623;1177;1155;2033;148;4;1053
17;1056;4778;1137;30;2073;-1;3;1048
17;1057;4808;0;1192;3210;-2;1;1014
17;1058;4808;0;1192;1954;-2;2;1057
17;1059;4808;0;578;1954;21;3;1058
17;1060;5386;0;578;1954;22;3;1058
17;1061;5964;0;36;1954;-1;3;1058
17;1062;4808;1954;1192;408;-2;2;1057
17;1063;4808;1954;583;408;114;3;1062
17;1064;5391;1954;583;408;115;3;1062
17;1065;5974;1954;26;408;-1;3;1062
17;1066;4808;2362;1192;848;-2;2;1057
17;1067;4808;2362;847;848;-2;3;1066
17;1068;4808;2362;847;818;265;4;1067
17;1069;4808;3180;847;30;-1;4;1067
17;1070;5655;2362;262;848;-2;3;1066
17;1071;5655;2362;262;606;227;4;1070
17;1072;5655;2968;262;242;-1;4;1070
17;1073;5917;2362;83;848;-1;3;1066
18;1074;0;0;6000;3210;-2;0;
18;1075;0;0;1942;3210;-2;1;1074
18;1076;0;0;1942;1342;149;2;1075
18;1077;0;1342;1942;1868;-2;2;1075
18;1078;0;1342;785;1868;-2;3;1077
18;1079;0;1342;785;1825;181;4;1078
18;1080;0;3167;785;43;-1;4;1078
18;1081;785;1342;1137;1868;-2;3;1077
18;1082;785;1342;1137;1783;361;4;1081
18;1083;785;3125;1137;85;-1;4;1081
18;1084;1922;1342;20;1868;-1;3;1077
18;1085;1942;0;1137;3210;-2;1;1074
18;1086;1942;0;1137;1188;-2;2;1085
18;1087;1942;0;563;1188;228;3;1086
18;1088;2505;0;486;1188;-2;3;1086
18;1089;2505;0;486;1074;23;4;1088
18;1090;2505;1074;486;114;-1;4;1088
18;1091;2991;0;88;1188;-1;3;1086
18;1092;1942;1188;1137;1783;362;2;1085
18;1093;1942;2971;1137;239;-1;2;1085
18;1094;3079;0;486;3210;-2;1;1074
18;1095;3079;0;486;2028;-2;2;1094
18;1096;3079;0;433;2028;266;3;1095
18;1097;3512;0;53;2028;-1;3;1095
18;1098;3079;2028;486;1074;24;2;1094
18;1099;3079;3102;486;108;-1;2;1094
18;1100;3565;0;1050;3210;-2;1;1074
18;1101;3565;0;1050;1987;-2;2;1100
18;1102;3565;0;998;1987;363;3;1101
18;1103;4563;0;52;1987;-1;3;1101
18;1104;3565;1987;1050;1223;-2;2;1100
18;1105;3565;1987;563;1223;-2;3;1104
18;1106;3565;1987;563;1188;229;4;1105
18;1107;3565;3175;563;35;-1;4;1105
18;1108;4128;1987;487;1223;-2;3;1104
18;1109;4128;1987;487;1074;25;4;1108
18;1110;4128;3061;487;149;-1;4;1108
18;1111;4615;0;408;3210;-2;1;1074
18;1112;4615;0;408;1480;116;2;1111
18;1113;4615;1480;408;1480;117;2;1111
18;1114;4615;2960;408;250;-1;2;1111
18;1115;5023;0;503;3210;-2;1;1074
18;1116;5023;0;503;1069;26;2;1115
18;1117;5023;1069;503;2141;-2;2;1115
18;1118;5023;1069;20;2141;-1;3;1117
18;1119;5043;1069;433;2141;-2;3;1117
18;1120;5043;1069;433;2028;267;4;1119
18;1121;5043;3097;433;113;-1;4;1119
18;1122;5476;1069;50;2141;-1;3;1117
18;1123;5526;0;408;3210;-2;1;1074
18;1124;5526;0;408;582;118;2;1123
18;1125;5526;582;408;582;119;2;1123
18;1126;5526;1164;408;1542;-2;2;1123
18;1127;5526;1164;353;1542;-2;3;1126
18;1128;5526;1164;353;107;-2;4;1127
18;1129;5526;1271;353;1435;120;4;1127
18;1130;5879;1164;55;1542;-1;3;1126
18;1131;5526;2706;408;504;-1;2;1123
18;1132;5934;0;66;3210;-1;1;1074
19;1133;0;0;6000;3210;-2;0;
19;1134;0;0;2077;3210;-2;1;1133
19;1135;0;0;2077;1149;-2;2;1134
19;1136;0;0;503;1149;-2;3;1135
19;1137;0;0;503;1069;27;4;1136
19;1138;0;1069;503;80;-1;4;1136
19;1139;503;0;503;1149;-2;3;1135
19;1140;503;0;503;1069;28;4;1139
19;1141;503;1069;503;80;-1;4;1139
19;1142;1006;0;503;1149;-2;3;1135
19;1143;1006;0;503;1069;29;4;1142
19;1144;1006;1069;503;80;-1;4;1142
19;1145;1509;0;503;1149;-2;3;1135
19;1146;1509;0;503;1069;30;4;1145
19;1147;1509;1069;503;80;-1;4;1145
19;1148;2012;0;65;1149;-1;3;1135
19;1149;0;1149;2077;989;364;2;1134
19;1150;0;2138;2077;989;365;2;1134
19;1151;0;3127;2077;83;-1;2;1134
19;1152;2077;0;1942;3210;-2;1;1133
19;1153;2077;0;1942;1342;150;2;1152
19;1154;2077;1342;1942;1868;-2;2;1152
19;1155;2077;1342;1120;1868;-2;3;1154
19;1156;2077;1342;1120;1821;268;4;1155
19;1157;2077;3163;1120;47;-1;4;1155
19;1158;3197;1342;785;1868;-2;3;1154
19;1159;3197;1342;785;1825;182;4;1158
19;1160;3197;3167;785;43;-1;4;1158
19;1161;3982;1342;37;1868;-1;3;1154
19;1162;4019;0;1948;3210;-2;1;1133
19;1163;4019;0;1948;1281;421;2;1162
19;1164;4019;1281;1948;1929;-2;2;1162
19;1165;4019;1281;1103;1929;-2;3;1164
19;1166;4019;1281;1103;1830;183;4;1165
19;1167;4019;3111;1103;99;-1;4;1165
19;1168;5122;1281;788;1929;-2;3;1164
19;1169;5122;1281;788;1892;151;4;1168
19;1170;5122;3173;788;37;-1;4;1168
19;1171;5910;1281;57;1929;-1;3;1164
19;1172;5967;0;33;3210;-1;1;1133
20;1173;0;0;6000;3210;-2;0;
20;1174;0;0;2280;3210;-2;1;1173
20;1175;0;0;2280;2077;-2;2;1174
20;1176;0;0;999;2077;366;3;1175
20;1177;999;0;1252;2077;367;3;1175
20;1178;2251;0;29;2077;-1;3;1175
20;1179;0;2077;2280;1133;-2;2;1174
20;1180;0;2077;1830;1133;-2;3;1179
20;1181;0;2077;1830;1103;184;4;1180
20;1182;0;3180;1830;30;-1;4;1180
20;1183;1830;2077;430;1133;-2;3;1179
20;1184;1830;2077;430;1084;31;4;1183
20;1185;1830;3161;430;49;-1;4;1183
20;1186;2260;2077;20;1133;-1;3;1179
20;1187;2280;0;618;3210;-2;1;1173
20;1188;2280;0;618;1604;32;2;1187
20;1189;2280;1604;618;1606;-2;2;1187
20;1190;2280;1604;498;1606;-2;3;1189
20;1191;2280;1604;498;1365;33;4;1190
20;1192;2280;2969;498;241;-1;4;1190
20;1193;2778;1604;120;1606;-1;3;1189
20;1194;2898;0;960;3210;-2;1;1173
20;1195;2898;0;960;1355;-2;2;1194
20;1196;2898;0;803;1355;185;3;1195
20;1197;3701;0;157;1355;-1;3;1195
20;1198;2898;1355;960;936;-2;2;1194
20;1199;2898;1355;936;936;230;3;1198
20;1200;3834;1355;24;936;-1;3;1198
20;1201;2898;2291;960;895;34;2;1194
20;1202;2898;3186;960;24;-1;2;1194
20;1203;3858;0;2107;3210;-2;1;1173
20;1204;3858;0;2107;800;186;2;1203
20;1205;3858;800;2107;405;-2;2;1203
20;1206;3858;800;1911;405;35;3;1205
20;1207;5769;800;196;405;-1;3;1205
20;1208;3858;1205;2107;1126;-2;2;1203
20;1209;3858;1205;2052;1126;36;3;1208
20;1210;5910;1205;55;1126;-1;3;1208
20;1211;3858;2331;2107;879;-2;2;1203
20;1212;3858;2331;1892;879;-2;3;1211
20;1213;3858;2331;1892;788;152;4;1212
20;1214;3858;3119;1892;91;-1;4;1212
20;1215;5750;2331;215;879;-1;3;1211
20;1216;5965;0;35;3210;-1;1;1173
21;1217;0;0;6000;3210;-2;0;
21;1218;0;0;2045;3210;-2;1;1217
21;1219;0;0;2045;1260;187;2;1218
21;1220;0;1260;2045;960;-2;2;1218
21;1221;0;1260;1867;960;368;3;1220
21;1222;1867;1260;178;960;-1;3;1220
21;1223;0;2220;2045;990;-2;2;1218
21;1224;0;2220;1957;990;-2;3;1223
21;1225;0;2220;1957;960;369;4;1224
21;1226;0;3180;1957;30;-1;4;1224
21;1227;1957;2220;88;990;-1;3;1223
21;1228;2045;0;1089;3210;-2;1;1217
21;1229;2045;0;1089;1655;-2;2;1228
21;1230;2045;0;426;1655;37;3;1229
21;1231;2471;0;663;1655;-2;3;1229
21;1232;2471;0;663;1504;188;4;1231
21;1233;2471;1504;663;151;-1;4;1231
21;1234;2045;1655;1089;1555;-2;2;1228
21;1235;2045;1655;663;1555;-2;3;1234
21;1236;2045;1655;663;1504;189;4;1235
21;1237;2045;3159;663;51;-1;4;1235
21;1238;2708;1655;348;1555;-2;3;1234
21;1239;2708;1655;348;1186;190;4;1238
21;1240;2708;2841;348;369;-1;4;1238
21;1241;3056;1655;78;1555;-1;3;1234
21;1242;3134;0;1657;3210;-2;1;1217
21;1243;3134;0;1657;611;-2;2;1242
21;1244;3134;0;20;611;-1;3;1243
21;1245;3154;0;1540;611;269;3;1243
21;1246;4694;0;97;611;-1;3;1243
21;1247;3134;611;1657;549;-2;2;1242
21;1248;3134;611;24;549;-1;3;1247
21;1249;3158;611;1262;549;38;3;1247
21;1250;4420;611;371;549;-1;3;1247
21;1251;3134;1160;1657;2050;-2;2;1242
21;1252;3134;1160;1252;2050;-2;3;1251
21;1253;3134;1160;1252;93;-2;4;1252
21;1254;3134;1253;1252;1957;370;4;1252
21;1255;4386;1160;405;2050;-2;3;1251
21;1256;4386;1160;405;1911;39;4;1255
21;1257;4386;3071;405;139;-1;4;1255
21;1258;4791;0;1126;3210;-2;1;1217
21;1259;4791;0;1126;2052;40;2;1258
21;1260;4791;2052;1126;556;-2;2;1258
21;1261;4791;2052;952;556;231;3;1260
21;1262;5743;2052;174;556;-1;3;1260
21;1263;4791;2608;1126;602;-2;2;1258
21;1264;4791;2608;952;602;-2;3;1263
21;1265;4791;2608;952;556;232;4;1264
21;1266;4791;3164;952;46;-1;4;1264
21;1267;5743;2608;174;602;-1;3;1263
21;1268;5917;0;83;3210;-1;1;1217
22;1269;0;0;6000;3210;-2;0;
22;1270;0;0;1566;3210;-2;1;1269
22;1271;0;0;1566;717;-2;2;1270
22;1272;0;0;1410;717;270;3;1271
22;1273;1410;0;156;717;-1;3;1271
22;1274;0;717;1566;1885;-2;2;1270
22;1275;0;717;570;1885;271;3;1274
22;1276;570;717;570;1885;272;3;1274
22;1277;1140;717;426;1885;-2;3;1274
22;1278;1140;717;426;1655;41;4;1277
22;1279;1140;2372;426;230;-1;4;1277
22;1280;0;2602;1566;608;-2;2;1270
22;1281;0;2602;1262;608;-2;3;1280
22;1282;0;2602;1262;549;42;4;1281
22;1283;0;3151;1262;59;-1;4;1281
22;1284;1262;2602;304;608;-1;3;1280
22;1285;1566;0;2090;3210;-2;1;1269
22;1286;1566;0;2090;1252;-2;2;1285
22;1287;1566;0;1957;1252;371;3;1286
22;1288;3523;0;133;1252;-1;3;1286
22;1289;1566;1252;2090;1252;-2;2;1285
22;1290;1566;1252;1957;1252;372;3;1289
22;1291;3523;1252;133;1252;-1;3;1289
22;1292;1566;2504;2090;706;-2;2;1285
22;1293;1566;2504;1045;706;-2;3;1292
22;1294;1566;2504;1045;685;273;4;1293
22;1295;1566;3189;1045;21;-1;4;1293
22;1296;2611;2504;1045;706;-2;3;1292
22;1297;2611;2504;1045;685;274;4;1296
22;1298;2611;3189;1045;21;-1;4;1296
22;1299;3656;0;1335;3210;-2;1;1269
22;1300;3656;0;1335;1647;-2;2;1299
22;1301;3656;0;1280;1647;373;3;1300
22;1302;4936;0;55;1647;-1;3;1300
22;1303;3656;1647;1335;1496;374;2;1299
22;1304;3656;3143;1335;67;-1;2;1299
22;1305;4991;0;353;3210;-2;1;1269
22;1306;4991;0;353;1435;43;2;1305
22;1307;4991;1435;353;582;44;2;1305
22;1308;4991;2017;353;582;45;2;1305
22;1309;4991;2599;353;611;-2;2;1305
22;1310;4991;2599;258;611;-2;3;1309
22;1311;4991;2599;258;588;46;4;1310
22;1312;4991;3187;258;23;-1;4;1310
22;1313;5249;2599;95;611;-1;3;1309
22;1314;5344;0;656;3210;-2;1;1269
22;1315;5344;0;656;308;-2;2;1314
22;1316;5344;0;588;308;47;3;1315
22;1317;5932;0;68;308;-1;3;1315
22;1318;5344;308;656;1518;-2;2;1314
22;1319;5344;308;308;1518;48;3;1318
22;1320;5652;308;296;1518;49;3;1318
22;1321;5948;308;52;1518;-1;3;1318
22;1322;5344;1826;656;308;-2;2;1314
22;1323;5344;1826;578;308;50;3;1322
22;1324;5922;1826;78;308;-1;3;1322
22;1325;5344;2134;656;438;-2;2;1314
22;1326;5344;2134;578;438;51;3;1325
22;1327;5922;2134;78;438;-1;3;1325
22;1328;5344;2572;656;638;-2;2;1314
22;1329;5344;2572;296;638;-2;3;1328
22;1330;5344;2572;296;578;52;4;1329
22;1331;5344;3150;296;60;-1;4;1329
22;1332;5640;2572;324;638;-2;3;1328
22;1333;5640;2572;324;578;53;4;1332
22;1334;5640;3150;324;60;-1;4;1332
22;1335;5964;2572;36;638;-1;3;1328
23;1336;0;0;6000;3210;-2;0;
23;1337;0;0;1390;3210;-2;1;1336
23;1338;0;0;1390;1586;-2;2;1337
23;1339;0;0;1335;1586;375;3;1338
23;1340;1335;0;55;1586;-1;3;1338
23;1341;0;1586;1390;1586;376;2;1337
23;1342;0;3172;1390;38;-1;2;1337
23;1343;1390;0;1734;3210;-2;1;1336
23;1344;1390;0;1734;395;-2;2;1343
23;1345;1390;0;578;395;54;3;1344
23;1346;1968;0;578;395;-2;3;1344
23;1347;1968;0;578;334;55;4;1346
23;1348;1968;334;578;61;-1;4;1346
23;1349;2546;0;578;395;-2;3;1344
23;1350;2546;0;578;338;56;4;1349
23;1351;2546;338;578;57;-1;4;1349
23;1352;1390;395;1734;1960;-2;2;1343
23;1353;1390;395;1105;1960;57;3;1352
23;1354;2495;395;460;1960;-2;3;1352
23;1355;2495;395;460;1690;58;4;1354
23;1356;2495;2085;460;270;-1;4;1354
23;1357;2955;395;169;1960;-1;3;1352
23;1358;1390;2355;1734;460;-2;2;1343
23;1359;1390;2355;1690;460;59;3;1358
23;1360;3080;2355;44;460;-1;3;1358
23;1361;1390;2815;1734;395;-2;2;1343
23;1362;1390;2815;1265;395;-2;3;1361
23;1363;1390;2815;1265;360;60;4;1362
23;1364;1390;3175;1265;35;-1;4;1362
23;1365;2655;2815;469;395;-1;3;1361
23;1366;3124;0;1265;3210;-2;1;1336
23;1367;3124;0;1265;360;61;2;1366
23;1368;3124;360;1265;1820;-2;2;1366
23;1369;3124;360;535;1820;62;3;1368
23;1370;3659;360;535;1820;63;3;1368
23;1371;4194;360;195;1820;-1;3;1368
23;1372;3124;2180;1265;475;-2;2;1366
23;1373;3124;2180;1015;475;64;3;1372
23;1374;4139;2180;250;475;-1;3;1372
23;1375;3124;2655;1265;555;-2;2;1366
23;1376;3124;2655;1015;555;-2;3;1375
23;1377;3124;2655;1015;475;65;4;1376
23;1378;3124;3130;1015;80;-1;4;1376
23;1379;4139;2655;250;555;-1;3;1375
23;1380;4389;0;1611;3210;-3;1;1336
