PLATE_ID;NODE_ID;X;Y;WIDTH;HEIGHT;TYPE;CUT;PARENT
0;0;0;0;6000;3210;-2;0;
0;1;0;0;2151;3210;-2;1;0
0;2;0;0;2151;501;60;2;1
0;3;0;501;2151;501;61;2;1
0;4;0;1002;2151;501;62;2;1
0;5;0;1503;2151;1707;-2;2;1
0;6;0;1503;245;1707;-2;3;5
0;7;0;1503;245;1677;63;4;6
0;8;0;3180;245;30;-1;4;6
0;9;245;1503;725;1707;-2;3;5
0;10;245;1503;725;1677;64;4;9
0;11;245;3180;725;30;-1;4;9
0;12;970;1503;725;1707;-2;3;5
0;13;970;1503;725;1677;65;4;12
0;14;970;3180;725;30;-1;4;12
0;15;1695;1503;415;1707;-2;3;5
0;16;1695;1503;415;1578;150;4;15
0;17;1695;3081;415;129;-1;4;15
0;18;2110;1503;41;1707;-1;3;5
0;19;2151;0;2066;3210;-2;1;0
0;20;2151;0;2066;752;-2;2;19
0;21;2151;0;2041;752;330;3;20
0;22;4192;0;25;752;-1;3;20
0;23;2151;752;2066;879;-2;2;19
0;24;2151;752;1033;879;331;3;23
0;25;3184;752;1033;879;332;3;23
0;26;2151;1631;2066;879;-2;2;19
0;27;2151;1631;1033;879;333;3;26
0;28;3184;1631;1033;879;334;3;26
0;29;2151;2510;2066;700;-2;2;19
0;30;2151;2510;2036;700;270;3;29
0;31;4187;2510;30;700;-1;3;29
0;32;4217;0;555;3210;-2;1;0
0;33;4217;0;555;1443;-2;2;32
0;34;4217;0;480;1443;-2;3;33
0;35;4217;0;480;1372;300;4;34
0;36;4217;1372;480;71;-1;4;34
0;37;4697;0;75;1443;-1;3;33
0;38;4217;1443;555;1767;30;2;32
0;39;4772;0;1228;3210;-2;1;0
0;40;4772;0;1228;768;-2;2;39
0;41;4772;0;1164;768;210;3;40
0;42;5936;0;64;768;-1;3;40
0;43;4772;768;1228;653;-2;2;39
0;44;4772;768;1122;653;240;3;43
0;45;5894;768;106;653;-1;3;43
0;46;4772;1421;1228;390;-2;2;39
0;47;4772;1421;552;390;360;3;46
0;48;5324;1421;552;390;361;3;46
0;49;5876;1421;124;390;-1;3;46
0;50;4772;1811;1228;1399;-2;2;39
0;51;4772;1811;701;1399;-2;3;50
0;52;4772;1811;701;1260;271;4;51
0;53;4772;3071;701;139;-1;4;51
0;54;5473;1811;318;1399;-2;3;50
0;55;5473;1811;318;168;-1;4;54
0;56;5473;1979;318;1231;180;4;54
0;57;5791;1811;209;1399;-2;3;50
0;58;5791;1811;209;858;335;4;57
0;59;5791;2669;209;541;-1;4;57
1;60;0;0;6000;3210;-2;0;
1;61;0;0;2097;3210;-2;1;60
1;62;0;0;2097;651;211;2;61
1;63;0;651;2097;1042;-2;2;61
1;64;0;651;1001;1042;336;3;63
1;65;1001;651;1001;1042;337;3;63
1;66;2002;651;95;1042;-1;3;63
1;67;0;1693;2097;490;212;2;61
1;68;0;2183;2097;490;213;2;61
1;69;0;2673;2097;537;-2;2;61
1;70;0;2673;522;537;-2;3;69
1;71;0;2673;522;478;90;4;70
1;72;0;3151;522;59;-1;4;70
1;73;522;2673;522;537;-2;3;69
1;74;522;2673;522;478;91;4;73
1;75;522;3151;522;59;-1;4;73
1;76;1044;2673;902;537;-2;3;69
1;77;1044;2673;902;457;120;4;76
1;78;1044;3130;902;80;-1;4;76
1;79;1946;2673;151;537;-1;3;69
1;80;2097;0;1805;3210;-2;1;60
1;81;2097;0;1805;1411;-2;2;80
1;82;2097;0;863;1411;151;3;81
1;83;2960;0;471;1411;-2;3;81
1;84;2960;0;471;1372;301;4;83
1;85;2960;1372;471;39;-1;4;83
1;86;3431;0;471;1411;-2;3;81
1;87;3431;0;471;1372;302;4;86
1;88;3431;1372;471;39;-1;4;86
1;89;2097;1411;1805;628;-2;2;80
1;90;2097;1411;892;628;0;3;89
1;91;2989;1411;892;628;1;3;89
1;92;3881;1411;21;628;-1;3;89
1;93;2097;2039;1805;1171;-2;2;80
1;94;2097;2039;1152;1171;-2;3;93
1;95;2097;2039;1152;1081;338;4;94
1;96;2097;3120;1152;90;-1;4;94
1;97;3249;2039;653;1171;-2;3;93
1;98;3249;2039;653;1122;241;4;97
1;99;3249;3161;653;49;-1;4;97
1;100;3902;0;2078;3210;-2;1;60
1;101;3902;0;2078;520;-2;2;100
1;102;3902;0;30;520;-1;3;101
1;103;3932;0;1952;520;121;3;101
1;104;5884;0;96;520;-1;3;101
1;105;3902;520;2078;520;-2;2;100
1;106;3902;520;30;520;-1;3;105
1;107;3932;520;1952;520;122;3;105
1;108;5884;520;96;520;-1;3;105
1;109;3902;1040;2078;708;-2;2;100
1;110;3902;1040;30;708;-1;3;109
1;111;3932;1040;2048;708;123;3;109
1;112;3902;1748;2078;708;-2;2;100
1;113;3902;1748;2048;708;124;3;112
1;114;5950;1748;30;708;-1;3;112
1;115;3902;2456;2078;754;-2;2;100
1;116;3902;2456;2058;754;-2;3;115
1;117;3902;2456;2058;722;125;4;116
1;118;3902;3178;2058;32;-1;4;116
1;119;5960;2456;20;754;-1;3;115
1;120;5980;0;20;3210;-1;1;60
2;121;0;0;6000;3210;-2;0;
2;122;0;0;1461;3210;-2;1;121
2;123;0;0;1461;1869;-2;2;122
2;124;0;0;878;1869;339;3;123
2;125;878;0;555;1869;-2;3;123
2;126;878;0;555;1767;31;4;125
2;127;878;1767;555;102;-1;4;125
2;128;1433;0;28;1869;-1;3;123
2;129;0;1869;1461;653;-2;2;122
2;130;0;1869;1441;653;362;3;129
2;131;1441;1869;20;653;-1;3;129
2;132;0;2522;1461;688;-2;2;122
2;133;0;2522;1441;688;-2;3;132
2;134;0;2522;1441;653;363;4;133
2;135;0;3175;1441;35;-1;4;133
2;136;1441;2522;20;688;-1;3;132
2;137;1461;0;2680;3210;-2;1;121
2;138;1461;0;2680;1220;340;2;137
2;139;1461;1220;2680;1220;341;2;137
2;140;1461;2440;2680;770;-2;2;137
2;141;1461;2440;613;770;-2;3;140
2;142;1461;2440;613;672;32;4;141
2;143;1461;3112;613;98;-1;4;141
2;144;2074;2440;353;770;-2;3;140
2;145;2074;2440;353;248;-1;4;144
2;146;2074;2688;353;522;242;4;144
2;147;2427;2440;1677;770;-2;3;140
2;148;2427;2440;1677;725;66;4;147
2;149;2427;3165;1677;45;-1;4;147
2;150;4104;2440;37;770;-1;3;140
2;151;4141;0;1022;3210;-2;1;121
2;152;4141;0;1022;1022;-2;2;151
2;153;4141;0;978;1022;92;3;152
2;154;5119;0;44;1022;-1;3;152
2;155;4141;1022;1022;990;-2;2;151
2;156;4141;1022;950;990;272;3;155
2;157;5091;1022;72;990;-1;3;155
2;158;4141;2012;1022;1198;-2;2;151
2;159;4141;2012;375;1198;-2;3;158
2;160;4141;2012;375;1153;243;4;159
2;161;4141;3165;375;45;-1;4;159
2;162;4516;2012;375;1198;-2;3;158
2;163;4516;2012;375;1153;244;4;162
2;164;4516;3165;375;45;-1;4;162
2;165;4891;2012;272;1198;-2;3;158
2;166;4891;2012;272;1103;214;4;165
2;167;4891;3115;272;95;-1;4;165
2;168;5163;0;837;3210;-2;1;121
2;169;5163;0;837;1012;93;2;168
2;170;5163;1012;837;1012;94;2;168
2;171;5163;2024;837;294;-2;2;168
2;172;5163;2024;813;294;342;3;171
2;173;5976;2024;24;294;-1;3;171
2;174;5163;2318;837;892;-2;2;168
2;175;5163;2318;701;892;2;3;174
2;176;5864;2318;136;892;-1;3;174
3;177;0;0;6000;3210;-2;0;
3;178;0;0;2103;3210;-2;1;177
3;179;0;0;2103;822;-2;2;178
3;180;0;0;2065;822;215;3;179
3;181;2065;0;38;822;-1;3;179
3;182;0;822;2103;892;-2;2;178
3;183;0;822;701;892;3;3;182
3;184;701;822;701;892;4;3;182
3;185;1402;822;701;892;5;3;182
3;186;0;1714;2103;822;-2;2;178
3;187;0;1714;2065;822;216;3;186
3;188;2065;1714;38;822;-1;3;186
3;189;0;2536;2103;674;-2;2;178
3;190;0;2536;1641;674;-2;3;189
3;191;0;2536;1641;652;364;4;190
3;192;0;3188;1641;22;-1;4;190
3;193;1641;2536;422;674;-2;3;189
3;194;1641;2536;422;653;245;4;193
3;195;1641;3189;422;21;-1;4;193
3;196;2063;2536;40;674;-1;3;189
3;197;2103;0;2089;3210;-2;1;177
3;198;2103;0;2089;822;-2;2;197
3;199;2103;0;2065;822;217;3;198
3;200;4168;0;24;822;-1;3;198
3;201;2103;822;2089;822;-2;2;197
3;202;2103;822;2065;822;218;3;201
3;203;4168;822;24;822;-1;3;201
3;204;2103;1644;2089;822;-2;2;197
3;205;2103;1644;2065;822;219;3;204
3;206;4168;1644;24;822;-1;3;204
3;207;2103;2466;2089;744;-2;2;197
3;208;2103;2466;859;744;-2;3;207
3;209;2103;2466;859;701;6;4;208
3;210;2103;3167;859;43;-1;4;208
3;211;2962;2466;859;744;-2;3;207
3;212;2962;2466;859;701;7;4;211
3;213;2962;3167;859;43;-1;4;211
3;214;3821;2466;371;744;-2;3;207
3;215;3821;2466;371;673;67;4;214
3;216;3821;3139;371;71;-1;4;214
3;217;4192;0;1758;3210;-2;1;177
3;218;4192;0;1758;1033;-2;2;217
3;219;4192;0;879;1033;365;3;218
3;220;5071;0;879;1033;366;3;218
3;221;4192;1033;1758;1033;-2;2;217
3;222;4192;1033;879;1033;367;3;221
3;223;5071;1033;879;1033;368;3;221
3;224;4192;2066;1758;1144;-2;2;217
3;225;4192;2066;822;1144;-2;3;224
3;226;4192;2066;822;1051;126;4;225
3;227;4192;3117;822;93;-1;4;225
3;228;5014;2066;879;1144;-2;3;224
3;229;5014;2066;879;1033;369;4;228
3;230;5014;3099;879;111;-1;4;228
3;231;5893;2066;57;1144;-1;3;224
3;232;5950;0;50;3210;-1;1;177
4;233;0;0;6000;3210;-2;0;
4;234;0;0;2102;3210;-2;1;233
4;235;0;0;2102;922;-2;2;234
4;236;0;0;1051;922;127;3;235
4;237;1051;0;1051;922;128;3;235
4;238;0;922;2102;822;-2;2;234
4;239;0;922;2065;822;220;3;238
4;240;2065;922;37;822;-1;3;238
4;241;0;1744;2102;693;-2;2;234
4;242;0;1744;2060;693;95;3;241
4;243;2060;1744;42;693;-1;3;241
4;244;0;2437;2102;401;-2;2;234
4;245;0;2437;2064;401;303;3;244
4;246;2064;2437;38;401;-1;3;244
4;247;0;2838;2102;372;-2;2;234
4;248;0;2838;1231;372;-2;3;247
4;249;0;2838;1231;318;181;4;248
4;250;0;3156;1231;54;-1;4;248
4;251;1231;2838;848;372;-2;3;247
4;252;1231;2838;848;345;343;4;251
4;253;1231;3183;848;27;-1;4;251
4;254;2079;2838;23;372;-1;3;247
4;255;2102;0;725;3210;-2;1;233
4;256;2102;0;725;2036;96;2;255
4;257;2102;2036;725;684;-2;2;255
4;258;2102;2036;684;684;33;3;257
4;259;2786;2036;41;684;-1;3;257
4;260;2102;2720;725;490;-2;2;255
4;261;2102;2720;653;490;-2;3;260
4;262;2102;2720;653;422;246;4;261
4;263;2102;3142;653;68;-1;4;261
4;264;2755;2720;72;490;-1;3;260
4;265;2827;0;2065;3210;-2;1;233
4;266;2827;0;2065;822;221;2;265
4;267;2827;822;2065;822;222;2;265
4;268;2827;1644;2065;822;223;2;265
4;269;2827;2466;2065;673;97;2;265
4;270;2827;3139;2065;71;-1;2;265
4;271;4892;0;1108;3210;-2;1;233
4;272;4892;0;1108;747;-2;2;271
4;273;4892;0;1051;747;-2;3;272
4;274;4892;0;1051;722;129;4;273
4;275;4892;722;1051;25;-1;4;273
4;276;5943;0;57;747;-1;3;272
4;277;4892;747;1108;1153;-2;2;271
4;278;4892;747;522;1153;247;3;277
4;279;5414;747;522;1153;248;3;277
4;280;5936;747;64;1153;-1;3;277
4;281;4892;1900;1108;1310;-2;2;271
4;282;4892;1900;293;1310;-2;3;281
4;283;4892;1900;293;1261;182;4;282
4;284;4892;3161;293;49;-1;4;282
4;285;5185;1900;293;1310;-2;3;281
4;286;5185;1900;293;1261;183;4;285
4;287;5185;3161;293;49;-1;4;285
4;288;5478;1900;522;1310;-2;3;281
4;289;5478;1900;522;1153;249;4;288
4;290;5478;3053;522;157;-1;4;288
5;291;0;0;6000;3210;-2;0;
5;292;0;0;2085;3210;-2;1;291
5;293;0;0;2085;401;-2;2;292
5;294;0;0;2064;401;304;3;293
5;295;2064;0;21;401;-1;3;293
5;296;0;401;2085;822;-2;2;292
5;297;0;401;2065;822;224;3;296
5;298;2065;401;20;822;-1;3;296
5;299;0;1223;2085;822;-2;2;292
5;300;0;1223;2065;822;225;3;299
5;301;2065;1223;20;822;-1;3;299
5;302;0;2045;2085;822;-2;2;292
5;303;0;2045;2065;822;226;3;302
5;304;2065;2045;20;822;-1;3;302
5;305;0;2867;2085;343;-2;2;292
5;306;0;2867;942;343;-2;3;305
5;307;0;2867;942;320;344;4;306
5;308;0;3187;942;23;-1;4;306
5;309;942;2867;633;343;-2;3;305
5;310;942;2867;633;322;152;4;309
5;311;942;3189;633;21;-1;4;309
5;312;1575;2867;510;343;-1;3;305
5;313;2085;0;773;3210;-2;1;291
5;314;2085;0;773;2163;227;2;313
5;315;2085;2163;773;419;68;2;313
5;316;2085;2582;773;628;-2;2;313
5;317;2085;2582;672;628;-2;3;316
5;318;2085;2582;672;598;34;4;317
5;319;2085;3180;672;30;-1;4;317
5;320;2757;2582;101;628;-1;3;316
5;321;2858;0;1033;3210;-2;1;291
5;322;2858;0;1033;2041;-2;2;321
5;323;2858;0;494;2041;98;3;322
5;324;3352;0;494;2041;99;3;322
5;325;3846;0;45;2041;-1;3;322
5;326;2858;2041;1033;250;-2;2;321
5;327;2858;2041;905;250;305;3;326
5;328;3763;2041;128;250;-1;3;326
5;329;2858;2291;1033;879;370;2;321
5;330;2858;3170;1033;40;-1;2;321
5;331;3891;0;2083;3210;-2;1;291
5;332;3891;0;2083;822;-2;2;331
5;333;3891;0;2063;822;130;3;332
5;334;5954;0;20;822;-1;3;332
5;335;3891;822;2083;812;-2;2;331
5;336;3891;822;2053;812;131;3;335
5;337;5944;822;30;812;-1;3;335
5;338;3891;1634;2083;922;-2;2;331
5;339;3891;1634;2063;922;132;3;338
5;340;5954;1634;20;922;-1;3;338
5;341;3891;2556;2083;654;-2;2;331
5;342;3891;2556;859;654;-2;3;341
5;343;3891;2556;859;628;8;4;342
5;344;3891;3184;859;26;-1;4;342
5;345;4750;2556;1059;654;-2;3;341
5;346;4750;2556;1059;628;9;4;345
5;347;4750;3184;1059;26;-1;4;345
5;348;5809;2556;165;654;-1;3;341
5;349;5974;0;26;3210;-1;1;291
6;350;0;0;6000;3210;-2;0;
6;351;0;0;2161;3210;-2;1;350
6;352;0;0;2161;515;133;2;351
6;353;0;515;2161;515;134;2;351
6;354;0;1030;2161;420;-2;2;351
6;355;0;1030;1060;420;69;3;354
6;356;1060;1030;1060;420;70;3;354
6;357;2120;1030;41;420;-1;3;354
6;358;0;1450;2161;515;135;2;351
6;359;0;1965;2161;515;136;2;351
6;360;0;2480;2161;730;-2;2;351
6;361;0;2480;1059;730;-2;3;360
6;362;0;2480;1059;701;10;4;361
6;363;0;3181;1059;29;-1;4;361
6;364;1059;2480;1059;730;-2;3;360
6;365;1059;2480;1059;701;11;4;364
6;366;1059;3181;1059;29;-1;4;364
6;367;2118;2480;43;730;-1;3;360
6;368;2161;0;1287;3210;-2;1;350
6;369;2161;0;1287;1741;-2;2;368
6;370;2161;0;514;1741;371;3;369
6;371;2675;0;773;1741;-2;3;369
6;372;2675;0;773;1721;71;4;371
6;373;2675;1721;773;20;-1;4;371
6;374;2161;1741;1287;1469;-2;2;368
6;375;2161;1741;623;1469;-2;3;374
6;376;2161;1741;623;1411;250;4;375
6;377;2161;3152;623;58;-1;4;375
6;378;2784;1741;293;1469;-2;3;374
6;379;2784;1741;293;1423;153;4;378
6;380;2784;3164;293;46;-1;4;378
6;381;3077;1741;293;1469;-2;3;374
6;382;3077;1741;293;1423;154;4;381
6;383;3077;3164;293;46;-1;4;381
6;384;3370;1741;78;1469;-1;3;374
6;385;3448;0;2060;3210;-2;1;350
6;386;3448;0;2060;2161;-2;2;385
6;387;3448;0;515;2161;137;3;386
6;388;3963;0;515;2161;138;3;386
6;389;4478;0;515;2161;139;3;386
6;390;4993;0;515;2161;140;3;386
6;391;3448;2161;2060;479;-2;2;385
6;392;3448;2161;960;479;251;3;391
6;393;4408;2161;960;479;252;3;391
6;394;5368;2161;140;479;-1;3;391
6;395;3448;2640;2060;570;-2;2;385
6;396;3448;2640;816;570;12;3;395
6;397;4264;2640;358;570;-2;3;395
6;398;4264;2640;358;541;184;4;397
6;399;4264;3181;358;29;-1;4;397
6;400;4622;2640;81;570;-1;3;395
6;401;4703;2640;773;570;-2;3;395
6;402;4703;2640;773;521;100;4;401
6;403;4703;3161;773;49;-1;4;401
6;404;5476;2640;32;570;-1;3;395
6;405;5508;0;492;3210;-2;1;350
6;406;5508;0;492;873;-2;2;405
6;407;5508;0;448;873;345;3;406
6;408;5956;0;44;873;-1;3;406
6;409;5508;873;492;811;-2;2;405
6;410;5508;873;458;811;185;3;409
6;411;5966;873;34;811;-1;3;409
6;412;5508;1684;492;685;-2;2;405
6;413;5508;1684;442;685;101;3;412
6;414;5950;1684;50;685;-1;3;412
6;415;5508;2369;492;841;-2;2;405
6;416;5508;2369;355;841;-2;3;415
6;417;5508;2369;355;790;306;4;416
6;418;5508;3159;355;51;-1;4;416
6;419;5863;2369;137;841;-1;3;415
7;420;0;0;6000;3210;-2;0;
7;421;0;0;726;3210;-2;1;420
7;422;0;0;726;37;-1;2;421
7;423;0;37;726;1879;72;2;421
7;424;0;1916;726;1294;-2;2;421
7;425;0;1916;293;1294;-2;3;424
7;426;0;1916;293;1201;228;4;425
7;427;0;3117;293;93;-1;4;425
7;428;293;1916;387;1294;-2;3;424
7;429;293;1916;387;1072;307;4;428
7;430;293;2988;387;222;-1;4;428
7;431;680;1916;46;1294;-1;3;424
7;432;726;0;2512;3210;-2;1;420
7;433;726;0;2512;514;-2;2;432
7;434;726;0;68;514;-1;3;433
7;435;794;0;2444;514;308;3;433
7;436;726;514;2512;514;-2;2;432
7;437;726;514;2444;514;309;3;436
7;438;3170;514;68;514;-1;3;436
7;439;726;1028;2512;908;-2;2;432
7;440;726;1028;2487;908;310;3;439
7;441;3213;1028;25;908;-1;3;439
7;442;726;1936;2512;908;-2;2;432
7;443;726;1936;2487;908;311;3;442
7;444;3213;1936;25;908;-1;3;442
7;445;726;2844;2512;366;-2;2;432
7;446;726;2844;1201;366;-2;3;445
7;447;726;2844;1201;333;186;4;446
7;448;726;3177;1201;33;-1;4;446
7;449;1927;2844;1201;366;-2;3;445
7;450;1927;2844;1201;333;187;4;449
7;451;1927;3177;1201;33;-1;4;449
7;452;3128;2844;110;366;-1;3;445
7;453;3238;0;2054;3210;-2;1;420
7;454;3238;0;2054;811;73;2;453
7;455;3238;811;2054;1196;-2;2;453
7;456;3238;811;500;1196;312;3;455
7;457;3738;811;500;1196;313;3;455
7;458;4238;811;500;1196;314;3;455
7;459;4738;811;500;1196;315;3;455
7;460;5238;811;54;1196;-1;3;455
7;461;3238;2007;2054;1203;-2;2;453
7;462;3238;2007;504;1203;-2;3;461
7;463;3238;2007;504;1174;141;4;462
7;464;3238;3181;504;29;-1;4;462
7;465;3742;2007;504;1203;-2;3;461
7;466;3742;2007;504;1174;142;4;465
7;467;3742;3181;504;29;-1;4;465
7;468;4246;2007;504;1203;-2;3;461
7;469;4246;2007;504;1174;143;4;468
7;470;4246;3181;504;29;-1;4;468
7;471;4750;2007;504;1203;-2;3;461
7;472;4750;2007;504;1174;144;4;471
7;473;4750;3181;504;29;-1;4;471
7;474;5254;2007;38;1203;-1;3;461
7;475;5292;0;666;3210;-2;1;420
7;476;5292;0;666;1051;-2;2;475
7;477;5292;0;622;1051;35;3;476
7;478;5914;0;44;1051;-1;3;476
7;479;5292;1051;666;812;-2;2;475
7;480;5292;1051;607;812;13;3;479
7;481;5899;1051;59;812;-1;3;479
7;482;5292;1863;666;1347;-2;2;475
7;483;5292;1863;333;1347;-2;3;482
7;484;5292;1863;333;1271;188;4;483
7;485;5292;3134;333;76;-1;4;483
7;486;5625;1863;333;1347;-2;3;482
7;487;5625;1863;333;1271;189;4;486
7;488;5625;3134;333;76;-1;4;486
7;489;5958;0;42;3210;-1;1;420
8;490;0;0;6000;3210;-2;0;
8;491;0;0;816;3210;-2;1;490
8;492;0;0;816;1994;102;2;491
8;493;0;1994;816;1216;-2;2;491
8;494;0;1994;500;1216;-2;3;493
8;495;0;1994;500;1196;316;4;494
8;496;0;3190;500;20;-1;4;494
8;497;500;1994;316;1216;-2;3;493
8;498;500;1994;316;711;36;4;497
8;499;500;2705;316;505;-1;4;497
8;500;816;0;2920;3210;-2;1;490
8;501;816;0;2920;2420;-2;2;500
8;502;816;0;1460;2420;14;3;501
8;503;2276;0;1460;2420;15;3;501
8;504;816;2420;2920;343;-2;2;500
8;505;816;2420;1401;343;190;3;504
8;506;2217;2420;1401;343;191;3;504
8;507;3618;2420;118;343;-1;3;504
8;508;816;2763;2920;447;-2;2;500
8;509;816;2763;1347;447;-2;3;508
8;510;816;2763;1347;402;37;4;509
8;511;816;3165;1347;45;-1;4;509
8;512;2163;2763;1552;447;-2;3;508
8;513;2163;2763;1552;387;16;4;512
8;514;2163;3150;1552;60;-1;4;512
8;515;3715;2763;21;447;-1;3;508
8;516;3736;0;460;3210;-2;1;490
8;517;3736;0;460;1745;253;2;516
8;518;3736;1745;460;1465;-2;2;516
8;519;3736;1745;402;1465;-2;3;518
8;520;3736;1745;402;1347;38;4;519
8;521;3736;3092;402;118;-1;4;519
8;522;4138;1745;58;1465;-1;3;518
8;523;4196;0;1778;3210;-2;1;490
8;524;4196;0;1778;460;-2;2;523
8;525;4196;0;1745;460;254;3;524
8;526;5941;0;33;460;-1;3;524
8;527;4196;460;1778;499;-2;2;523
8;528;4196;460;1725;499;255;3;527
8;529;5921;460;53;499;-1;3;527
8;530;4196;959;1778;499;-2;2;523
8;531;4196;959;1725;499;256;3;530
8;532;5921;959;53;499;-1;3;530
8;533;4196;1458;1778;1752;-2;2;523
8;534;4196;1458;499;1752;-2;3;533
8;535;4196;1458;499;1725;257;4;534
8;536;4196;3183;499;27;-1;4;534
8;537;4695;1458;499;1752;-2;3;533
8;538;4695;1458;499;1725;258;4;537
8;539;4695;3183;499;27;-1;4;537
8;540;5194;1458;780;1752;-2;3;533
8;541;5194;1458;780;1724;103;4;540
8;542;5194;3182;780;28;-1;4;540
8;543;5974;0;26;3210;-1;1;490
9;544;0;0;6000;3210;-2;0;
9;545;0;0;491;3210;-2;1;544
9;546;0;0;491;2952;17;2;545
9;547;0;2952;491;258;-1;2;545
9;548;491;0;1806;3210;-2;1;544
9;549;491;0;1806;1104;-2;2;548
9;550;491;0;903;1104;74;3;549
9;551;1394;0;903;1104;75;3;549
9;552;491;1104;1806;514;-2;2;548
9;553;491;1104;1741;514;372;3;552
9;554;2232;1104;65;514;-1;3;552
9;555;491;1618;1806;1592;-2;2;548
9;556;491;1618;848;1592;-2;3;555
9;557;491;1618;848;1541;273;4;556
9;558;491;3159;848;51;-1;4;556
9;559;1339;1618;933;1592;-2;3;555
9;560;1339;1618;933;1552;373;4;559
9;561;1339;3170;933;40;-1;4;559
9;562;2272;1618;25;1592;-1;3;555
9;563;2297;0;1994;3210;-2;1;544
9;564;2297;0;1994;20;-1;2;563
9;565;2297;20;1994;781;104;2;563
9;566;2297;801;1994;791;-2;2;563
9;567;2297;801;1974;791;105;3;566
9;568;4271;801;20;791;-1;3;566
9;569;2297;1592;1994;791;-2;2;563
9;570;2297;1592;1974;791;106;3;569
9;571;4271;1592;20;791;-1;3;569
9;572;2297;2383;1994;827;-2;2;563
9;573;2297;2383;629;827;-2;3;572
9;574;2297;2383;629;773;39;4;573
9;575;2297;3156;629;54;-1;4;573
9;576;2926;2383;629;827;-2;3;572
9;577;2926;2383;629;773;40;4;576
9;578;2926;3156;629;54;-1;4;576
9;579;3555;2383;629;827;-2;3;572
9;580;3555;2383;629;773;41;4;579
9;581;3555;3156;629;54;-1;4;579
9;582;4184;2383;107;827;-1;3;572
9;583;4291;0;673;3210;-2;1;544
9;584;4291;0;673;1855;274;2;583
9;585;4291;1855;673;1355;-2;2;583
9;586;4291;1855;293;1355;-2;3;585
9;587;4291;1855;293;1201;229;4;586
9;588;4291;3056;293;154;-1;4;586
9;589;4584;1855;343;1355;-2;3;585
9;590;4584;1855;343;1311;230;4;589
9;591;4584;3166;343;44;-1;4;589
9;592;4927;1855;37;1355;-1;3;585
9;593;4964;0;491;3210;-2;1;544
9;594;4964;0;491;20;-1;2;593
9;595;4964;20;491;2952;18;2;593
9;596;4964;2972;491;238;-1;2;593
9;597;5455;0;524;3210;-2;1;544
9;598;5455;0;524;828;-2;2;597
9;599;5455;0;502;828;259;3;598
9;600;5957;0;22;828;-1;3;598
9;601;5455;828;524;1174;-2;2;597
9;602;5455;828;504;1174;145;3;601
9;603;5959;828;20;1174;-1;3;601
9;604;5455;2002;524;1208;-2;2;597
9;605;5455;2002;504;1208;-2;3;604
9;606;5455;2002;504;1174;146;4;605
9;607;5455;3176;504;34;-1;4;605
9;608;5959;2002;20;1208;-1;3;604
9;609;5979;0;21;3210;-1;1;544
10;610;0;0;6000;3210;-2;0;
10;611;0;0;2161;3210;-2;1;610
10;612;0;0;2161;701;275;2;611
10;613;0;701;2161;701;276;2;611
10;614;0;1402;2161;701;277;2;611
10;615;0;2103;2161;701;278;2;611
10;616;0;2804;2161;406;-2;2;611
10;617;0;2804;694;406;-2;3;616
10;618;0;2804;694;354;192;4;617
10;619;0;3158;694;52;-1;4;617
10;620;694;2804;1311;406;-2;3;616
10;621;694;2804;1311;343;231;4;620
10;622;694;3147;1311;63;-1;4;620
10;623;2005;2804;156;406;-1;3;616
10;624;2161;0;2161;3210;-2;1;610
10;625;2161;0;2161;701;279;2;624
10;626;2161;701;2161;701;280;2;624
10;627;2161;1402;2161;477;-2;2;624
10;628;2161;1402;1201;477;-2;3;627
10;629;2161;1402;1201;313;232;4;628
10;630;2161;1715;1201;164;-1;4;628
10;631;3362;1402;874;477;346;3;627
10;632;4236;1402;86;477;-1;3;627
10;633;2161;1879;2161;744;-2;2;624
10;634;2161;1879;1394;744;374;3;633
10;635;3555;1879;25;744;-1;3;633
10;636;3580;1879;714;744;-2;3;633
10;637;3580;1879;714;724;193;4;636
10;638;3580;2603;714;20;-1;4;636
10;639;4294;1879;28;744;-1;3;633
10;640;2161;2623;2161;587;-2;2;624
10;641;2161;2623;2083;587;-2;3;640
10;642;2161;2623;2083;552;375;4;641
10;643;2161;3175;2083;35;-1;4;641
10;644;4244;2623;78;587;-1;3;640
10;645;4322;0;1656;3210;-2;1;610
10;646;4322;0;1656;1882;-2;2;645
10;647;4322;0;479;1882;147;3;646
10;648;4801;0;349;1882;-2;3;646
10;649;4801;0;349;1717;347;4;648
10;650;4801;1717;349;165;-1;4;648
10;651;5150;0;349;1882;-2;3;646
10;652;5150;0;349;1717;348;4;651
10;653;5150;1717;349;165;-1;4;651
10;654;5499;0;479;1882;148;3;646
10;655;4322;1882;1656;338;-2;2;645
10;656;4322;1882;1633;338;155;3;655
10;657;5955;1882;23;338;-1;3;655
10;658;4322;2220;1656;338;-2;2;645
10;659;4322;2220;1633;338;156;3;658
10;660;5955;2220;23;338;-1;3;658
10;661;4322;2558;1656;652;-2;2;645
10;662;4322;2558;811;652;-2;3;661
10;663;4322;2558;811;632;42;4;662
10;664;4322;3190;811;20;-1;4;662
10;665;5133;2558;811;652;-2;3;661
10;666;5133;2558;811;632;43;4;665
10;667;5133;3190;811;20;-1;4;665
10;668;5944;2558;34;652;-1;3;661
10;669;5978;0;22;3210;-1;1;610
11;670;0;0;6000;3210;-2;0;
11;671;0;0;903;3210;-2;1;670
11;672;0;0;903;1104;76;2;671
11;673;0;1104;903;1033;-2;2;671
11;674;0;1104;879;1033;349;3;673
11;675;879;1104;24;1033;-1;3;673
11;676;0;2137;903;1073;-2;2;671
11;677;0;2137;879;1073;-2;3;676
11;678;0;2137;879;1033;350;4;677
11;679;0;3170;879;40;-1;4;677
11;680;879;2137;24;1073;-1;3;676
11;681;903;0;1423;3210;-2;1;670
11;682;903;0;1423;425;157;2;681
11;683;903;425;1423;425;158;2;681
11;684;903;850;1423;460;-2;2;681
11;685;903;850;1372;460;19;3;684
11;686;2275;850;51;460;-1;3;684
11;687;903;1310;1423;460;-2;2;681
11;688;903;1310;1372;460;20;3;687
11;689;2275;1310;51;460;-1;3;687
11;690;903;1770;1423;1440;-2;2;681
11;691;903;1770;460;1440;-2;3;690
11;692;903;1770;460;68;-2;4;691
11;693;903;1838;460;1372;21;4;691
11;694;1363;1770;460;1440;-2;3;690
11;695;1363;1770;460;68;-1;4;694
11;696;1363;1838;460;1372;22;4;694
11;697;1823;1770;460;1440;-2;3;690
11;698;1823;1770;460;1372;23;4;697
11;699;1823;3142;460;68;-1;4;697
11;700;2283;1770;43;1440;-1;3;690
11;701;2326;0;1758;3210;-2;1;670
11;702;2326;0;1758;1033;-2;2;701
11;703;2326;0;879;1033;376;3;702
11;704;3205;0;879;1033;377;3;702
11;705;2326;1033;1758;1033;-2;2;701
11;706;2326;1033;879;1033;351;3;705
11;707;3205;1033;879;1033;352;3;705
11;708;2326;2066;1758;1144;-2;2;701
11;709;2326;2066;866;1144;-2;3;708
11;710;2326;2066;866;1104;77;4;709
11;711;2326;3170;866;40;-1;4;709
11;712;3192;2066;866;1144;-2;3;708
11;713;3192;2066;866;1104;78;4;712
11;714;3192;3170;866;40;-1;4;712
11;715;4058;2066;26;1144;-1;3;708
11;716;4084;0;864;3210;-2;1;670
11;717;4084;0;864;1349;-2;2;716
11;718;4084;0;793;1349;159;3;717
11;719;4877;0;71;1349;-1;3;717
11;720;4084;1349;864;694;194;2;716
11;721;4084;2043;864;506;-2;2;716
11;722;4084;2043;828;506;260;3;721
11;723;4912;2043;36;506;-1;3;721
11;724;4084;2549;864;661;-2;2;716
11;725;4084;2549;811;661;-2;3;724
11;726;4084;2549;811;632;44;4;725
11;727;4084;3181;811;29;-1;4;725
11;728;4895;2549;53;661;-1;3;724
11;729;4948;0;1028;3210;-2;1;670
11;730;4948;0;1028;622;-2;2;729
11;731;4948;0;993;622;160;3;730
11;732;5941;0;35;622;-1;3;730
11;733;4948;622;1028;1274;-2;2;729
11;734;4948;622;252;1274;45;3;733
11;735;5200;622;252;1274;46;3;733
11;736;5452;622;252;1274;47;3;733
11;737;5704;622;252;1274;48;3;733
11;738;5956;622;20;1274;-1;3;733
11;739;4948;1896;1028;1314;-2;2;729
11;740;4948;1896;252;1314;-2;3;739
11;741;4948;1896;252;1274;49;4;740
11;742;4948;3170;252;40;-1;4;740
11;743;5200;1896;252;1314;-2;3;739
11;744;5200;1896;252;1274;50;4;743
11;745;5200;3170;252;40;-1;4;743
11;746;5452;1896;500;1314;-2;3;739
11;747;5452;1896;500;1196;317;4;746
11;748;5452;3092;500;118;-1;4;746
11;749;5952;1896;24;1314;-1;3;739
11;750;5976;0;24;3210;-1;1;670
12;751;0;0;6000;3210;-2;0;
12;752;0;0;1611;3210;-2;1;751
12;753;0;0;1611;725;318;2;752
12;754;0;725;1611;725;319;2;752
12;755;0;1450;1611;725;320;2;752
12;756;0;2175;1611;1035;-2;2;752
12;757;0;2175;529;1035;-2;3;756
12;758;0;2175;529;966;161;4;757
12;759;0;3141;529;69;-1;4;757
12;760;529;2175;529;1035;-2;3;756
12;761;529;2175;529;966;162;4;760
12;762;529;3141;529;69;-1;4;760
12;763;1058;2175;529;1035;-2;3;756
12;764;1058;2175;529;966;163;4;763
12;765;1058;3141;529;69;-1;4;763
12;766;1587;2175;24;1035;-1;3;756
12;767;1611;0;1758;3210;-2;1;751
12;768;1611;0;1758;1033;-2;2;767
12;769;1611;0;879;1033;378;3;768
12;770;2490;0;879;1033;379;3;768
12;771;1611;1033;1758;1033;-2;2;767
12;772;1611;1033;879;1033;380;3;771
12;773;2490;1033;879;1033;381;3;771
12;774;1611;2066;1758;1144;-2;2;767
12;775;1611;2066;866;1144;-2;3;774
12;776;1611;2066;866;1104;79;4;775
12;777;1611;3170;866;40;-1;4;775
12;778;2477;2066;872;1144;-2;3;774
12;779;2477;2066;872;82;-1;4;778
12;780;2477;2148;872;1062;195;4;778
12;781;3349;2066;20;1144;-1;3;774
12;782;3369;0;668;3210;-2;1;751
12;783;3369;0;668;1838;261;2;782
12;784;3369;1838;668;1372;-2;2;782
12;785;3369;1838;313;1372;-2;3;784
12;786;3369;1838;313;1201;233;4;785
12;787;3369;3039;313;171;-1;4;785
12;788;3682;1838;323;1372;-2;3;784
12;789;3682;1838;323;1351;234;4;788
12;790;3682;3189;323;21;-1;4;788
12;791;4005;1838;32;1372;-1;3;784
12;792;4037;0;995;3210;-2;1;751
12;793;4037;0;995;1805;-2;2;792
12;794;4037;0;484;1805;262;3;793
12;795;4521;0;484;1805;263;3;793
12;796;5005;0;27;1805;-1;3;793
12;797;4037;1805;995;522;-2;2;792
12;798;4037;1805;975;522;281;3;797
12;799;5012;1805;20;522;-1;3;797
12;800;4037;2327;995;522;-2;2;792
12;801;4037;2327;975;522;282;3;800
12;802;5012;2327;20;522;-1;3;800
12;803;4037;2849;995;361;-2;2;792
12;804;4037;2849;903;361;-2;3;803
12;805;4037;2849;903;276;353;4;804
12;806;4037;3125;903;85;-1;4;804
12;807;4940;2849;92;361;-1;3;803
12;808;5032;0;968;3210;-2;1;751
12;809;5032;0;968;331;-2;2;808
12;810;5032;0;932;331;354;3;809
12;811;5964;0;36;331;-1;3;809
12;812;5032;331;968;1033;-2;2;808
12;813;5032;331;879;1033;355;3;812
12;814;5911;331;89;1033;-1;3;812
12;815;5032;1364;968;1846;-2;2;808
12;816;5032;1364;484;1846;-2;3;815
12;817;5032;1364;484;1805;264;4;816
12;818;5032;3169;484;41;-1;4;816
12;819;5516;1364;484;1846;-2;3;815
12;820;5516;1364;484;1805;265;4;819
12;821;5516;3169;484;41;-1;4;819
13;822;0;0;6000;3210;-2;0;
13;823;0;0;1450;3210;-2;1;822
13;824;0;0;1450;1611;-2;2;823
13;825;0;0;725;1611;321;3;824
13;826;725;0;725;1611;322;3;824
13;827;0;1611;1450;625;-2;2;823
13;828;0;1611;1411;625;283;3;827
13;829;1411;1611;39;625;-1;3;827
13;830;0;2236;1450;625;-2;2;823
13;831;0;2236;1411;625;284;3;830
13;832;1411;2236;39;625;-1;3;830
13;833;0;2861;1450;349;-2;2;823
13;834;0;2861;1351;349;-2;3;833
13;835;0;2861;1351;323;235;4;834
13;836;0;3184;1351;26;-1;4;834
13;837;1351;2861;99;349;-1;3;833
13;838;1450;0;694;3210;-2;1;822
13;839;1450;0;694;2070;266;2;838
13;840;1450;2070;694;628;-2;2;838
13;841;1450;2070;617;628;24;3;840
13;842;2067;2070;77;628;-1;3;840
13;843;1450;2698;694;512;-2;2;838
13;844;1450;2698;46;512;-1;3;843
13;845;1496;2698;522;512;-2;3;843
13;846;1496;2698;522;478;149;4;845
13;847;1496;3176;522;34;-1;4;845
13;848;2018;2698;126;512;-1;3;843
13;849;2144;0;879;3210;-2;1;822
13;850;2144;0;879;1033;356;2;849
13;851;2144;1033;879;1033;357;2;849
13;852;2144;2066;879;1033;358;2;849
13;853;2144;3099;879;111;-1;2;849
13;854;3023;0;625;3210;-2;1;822
13;855;3023;0;625;425;-2;2;854
13;856;3023;0;603;425;-2;3;855
13;857;3023;0;603;405;80;4;856
13;858;3023;405;603;20;-1;4;856
13;859;3626;0;22;425;-1;3;855
13;860;3023;425;625;1621;196;2;854
13;861;3023;2046;625;405;-2;2;854
13;862;3023;2046;603;405;81;3;861
13;863;3626;2046;22;405;-1;3;861
13;864;3023;2451;625;759;-2;2;854
13;865;3023;2451;603;759;-2;3;864
13;866;3023;2451;603;622;82;4;865
13;867;3023;3073;603;137;-1;4;865
13;868;3626;2451;22;759;-1;3;864
13;869;3648;0;522;3210;-2;1;822
13;870;3648;0;522;2161;285;2;869
13;871;3648;2161;522;953;267;2;869
13;872;3648;3114;522;96;-1;2;869
13;873;4170;0;750;3210;-2;1;822
13;874;4170;0;750;1911;197;2;873
13;875;4170;1911;750;629;-2;2;873
13;876;4170;1911;691;629;51;3;875
13;877;4861;1911;59;629;-1;3;875
13;878;4170;2540;750;670;-2;2;873
13;879;4170;2540;691;670;-2;3;878
13;880;4170;2540;691;629;52;4;879
13;881;4170;3169;691;41;-1;4;879
13;882;4861;2540;59;670;-1;3;878
13;883;4920;0;1058;3210;-2;1;822
13;884;4920;0;1058;966;-2;2;883
13;885;4920;0;529;966;164;3;884
13;886;5449;0;529;966;165;3;884
13;887;4920;966;1058;505;-2;2;883
13;888;4920;966;1033;505;107;3;887
13;889;5953;966;25;505;-1;3;887
13;890;4920;1471;1058;505;-2;2;883
13;891;4920;1471;1033;505;108;3;890
13;892;5953;1471;25;505;-1;3;890
13;893;4920;1976;1058;1234;-2;2;883
13;894;4920;1976;515;1234;-2;3;893
13;895;4920;1976;515;1211;109;4;894
13;896;4920;3187;515;23;-1;4;894
13;897;5435;1976;515;1234;-2;3;893
13;898;5435;1976;515;1211;110;4;897
13;899;5435;3187;515;23;-1;4;897
13;900;5950;1976;28;1234;-1;3;893
13;901;5978;0;22;3210;-1;1;822
14;902;0;0;6000;3210;-2;0;
14;903;0;0;2488;3210;-2;1;902
14;904;0;0;2488;603;-2;2;903
14;905;0;0;622;603;83;3;904
14;906;622;0;622;603;84;3;904
14;907;1244;0;622;603;85;3;904
14;908;1866;0;622;603;86;3;904
14;909;0;603;2488;2065;-2;2;903
14;910;0;603;822;2065;198;3;909
14;911;822;603;822;2065;199;3;909
14;912;1644;603;752;2065;-2;3;909
14;913;1644;603;752;2041;382;4;912
14;914;1644;2644;752;24;-1;4;912
14;915;2396;603;92;2065;-1;3;909
14;916;0;2668;2488;542;-2;2;903
14;917;0;2668;1211;542;-2;3;916
14;918;0;2668;1211;515;111;4;917
14;919;0;3183;1211;27;-1;4;917
14;920;1211;2668;1211;542;-2;3;916
14;921;1211;2668;1211;515;112;4;920
14;922;1211;3183;1211;27;-1;4;920
14;923;2422;2668;66;542;-1;3;916
14;924;2488;0;725;3210;-2;1;902
14;925;2488;0;725;1611;323;2;924
14;926;2488;1611;725;512;-2;2;924
14;927;2488;1611;633;512;113;3;926
14;928;3121;1611;92;512;-1;3;926
14;929;2488;2123;725;1087;-2;2;924
14;930;2488;2123;663;1087;-2;3;929
14;931;2488;2123;663;1051;114;4;930
14;932;2488;3174;663;36;-1;4;930
14;933;3151;2123;62;1087;-1;3;929
14;934;3213;0;2201;3210;-2;1;902
14;935;3213;0;2201;668;115;2;934
14;936;3213;668;2201;668;116;2;934
14;937;3213;1336;2201;522;-2;2;934
14;938;3213;1336;2161;522;286;3;937
14;939;5374;1336;40;522;-1;3;937
14;940;3213;1858;2201;822;-2;2;934
14;941;3213;1858;2161;822;287;3;940
14;942;5374;1858;40;822;-1;3;940
14;943;3213;2680;2201;530;-2;2;934
14;944;3213;2680;2151;530;-2;3;943
14;945;3213;2680;2151;501;117;4;944
14;946;3213;3181;2151;29;-1;4;944
14;947;5364;2680;50;530;-1;3;943
14;948;5414;0;564;3210;-2;1;902
14;949;5414;0;564;966;-2;2;948
14;950;5414;0;529;966;166;3;949
14;951;5943;0;35;966;-1;3;949
14;952;5414;966;564;1103;-2;2;948
14;953;5414;966;272;1103;200;3;952
14;954;5686;966;272;1103;201;3;952
14;955;5958;966;20;1103;-1;3;952
14;956;5414;2069;564;1141;-2;2;948
14;957;5414;2069;272;1141;-2;3;956
14;958;5414;2069;272;1103;202;4;957
14;959;5414;3172;272;38;-1;4;957
14;960;5686;2069;272;1141;-2;3;956
14;961;5686;2069;272;1103;203;4;960
14;962;5686;3172;272;38;-1;4;960
14;963;5958;2069;20;1141;-1;3;956
14;964;5978;0;22;3210;-1;1;902
15;965;0;0;6000;3210;-2;0;
15;966;0;0;501;3210;-2;1;965
15;967;0;0;501;2151;118;2;966
15;968;0;2151;501;1059;-2;2;966
15;969;0;2151;474;1059;-2;3;968
15;970;0;2151;474;996;324;4;969
15;971;0;3147;474;63;-1;4;969
15;972;474;2151;27;1059;-1;3;968
15;973;501;0;522;3210;-2;1;965
15;974;501;0;522;2151;-2;2;973
15;975;501;0;501;2151;119;3;974
15;976;1002;0;21;2151;-1;3;974
15;977;501;2151;522;953;268;2;973
15;978;501;3104;522;106;-1;2;973
15;979;1023;0;2036;3210;-2;1;965
15;980;1023;0;2036;500;325;2;979
15;981;1023;500;2036;500;326;2;979
15;982;1023;1000;2036;1170;-2;2;979
15;983;1023;1000;1490;1170;167;3;982
15;984;2513;1000;522;1170;-2;3;982
15;985;2513;1000;522;953;269;4;984
15;986;2513;1953;522;217;-1;4;984
15;987;3035;1000;24;1170;-1;3;982
15;988;1023;2170;2036;500;327;2;979
15;989;1023;2670;2036;500;328;2;979
15;990;1023;3170;2036;40;-1;2;979
15;991;3059;0;700;3210;-2;1;965
15;992;3059;0;700;2036;329;2;991
15;993;3059;2036;700;691;-2;2;991
15;994;3059;2036;629;691;53;3;993
15;995;3688;2036;71;691;-1;3;993
15;996;3059;2727;700;483;-2;2;991
15;997;3059;2727;653;483;-2;3;996
15;998;3059;2727;653;422;168;4;997
15;999;3059;3149;653;61;-1;4;997
15;1000;3712;2727;47;483;-1;3;996
15;1001;3759;0;514;3210;-2;1;965
15;1002;3759;0;514;816;169;2;1001
15;1003;3759;816;514;816;170;2;1001
15;1004;3759;1632;514;632;-2;2;1001
15;1005;3759;1632;468;632;288;3;1004
15;1006;4227;1632;46;632;-1;3;1004
15;1007;3759;2264;514;816;171;2;1001
15;1008;3759;3080;514;130;-1;2;1001
15;1009;4273;0;998;3210;-2;1;965
15;1010;4273;0;998;1227;-2;2;1009
15;1011;4273;0;499;1227;289;3;1010
15;1012;4772;0;499;1227;290;3;1010
15;1013;4273;1227;998;1227;-2;2;1009
15;1014;4273;1227;499;1227;291;3;1013
15;1015;4772;1227;499;1227;292;3;1013
15;1016;4273;2454;998;756;-2;2;1009
15;1017;4273;2454;909;756;-2;3;1016
15;1018;4273;2454;909;689;54;4;1017
15;1019;4273;3143;909;67;-1;4;1017
15;1020;5182;2454;89;756;-1;3;1016
15;1021;5271;0;701;3210;-2;1;965
15;1022;5271;0;701;1311;-2;2;1021
15;1023;5271;0;328;1311;236;3;1022
15;1024;5599;0;328;1311;237;3;1022
15;1025;5927;0;45;1311;-1;3;1022
15;1026;5271;1311;701;617;-2;2;1021
15;1027;5271;1311;628;617;25;3;1026
15;1028;5899;1311;73;617;-1;3;1026
15;1029;5271;1928;701;617;26;2;1021
15;1030;5271;2545;701;617;27;2;1021
15;1031;5271;3162;701;48;-1;2;1021
15;1032;5972;0;28;3210;-1;1;965
16;1033;0;0;6000;3210;-2;0;
16;1034;0;0;1032;3210;-2;1;1033
16;1035;0;0;1032;1285;-2;2;1034
16;1036;0;0;499;1285;-2;3;1035
16;1037;0;0;499;1227;293;4;1036
16;1038;0;1227;499;58;-1;4;1036
16;1039;499;0;499;1285;-2;3;1035
16;1040;499;0;499;1227;294;4;1039
16;1041;499;1227;499;58;-1;4;1039
16;1042;998;0;34;1285;-1;3;1035
16;1043;0;1285;1032;689;-2;2;1034
16;1044;0;1285;955;689;55;3;1043
16;1045;955;1285;77;689;-1;3;1043
16;1046;0;1974;1032;868;295;2;1034
16;1047;0;2842;1032;368;-2;2;1034
16;1048;0;2842;653;368;-2;3;1047
16;1049;0;2842;653;347;204;4;1048
16;1050;0;3189;653;21;-1;4;1048
16;1051;653;2842;379;368;-1;3;1047
16;1052;1032;0;1444;3210;-2;1;1033
16;1053;1032;0;1444;953;-2;2;1052
16;1054;1032;0;722;953;296;3;1053
16;1055;1754;0;722;953;297;3;1053
16;1056;1032;953;1444;953;-2;2;1052
16;1057;1032;953;722;953;298;3;1056
16;1058;1754;953;722;953;299;3;1056
16;1059;1032;1906;1444;1304;-2;2;1052
16;1060;1032;1906;835;1304;-2;3;1059
16;1061;1032;1906;835;1227;172;4;1060
16;1062;1032;3133;835;77;-1;4;1060
16;1063;1867;1906;313;1304;-2;3;1059
16;1064;1867;1906;313;1221;238;4;1063
16;1065;1867;3127;313;83;-1;4;1063
16;1066;2180;1906;296;1304;-2;3;1059
16;1067;2180;1906;296;1260;359;4;1066
16;1068;2180;3166;296;44;-1;4;1066
16;1069;2476;0;414;3210;-2;1;1033
16;1070;2476;0;414;1050;173;2;1069
16;1071;2476;1050;414;1050;174;2;1069
16;1072;2476;2100;414;1110;-2;2;1069
16;1073;2476;2100;313;1110;-2;3;1072
16;1074;2476;2100;313;922;175;4;1073
16;1075;2476;3022;313;188;-1;4;1073
16;1076;2789;2100;101;1110;-1;3;1072
16;1077;2890;0;313;3210;-2;1;1033
16;1078;2890;0;313;1221;239;2;1077
16;1079;2890;1221;313;922;176;2;1077
16;1080;2890;2143;313;922;177;2;1077
16;1081;2890;3065;313;145;-1;2;1077
16;1082;3203;0;731;3210;-2;1;1033
16;1083;3203;0;731;1122;-2;2;1082
16;1084;3203;0;707;1122;56;3;1083
16;1085;3910;0;24;1122;-1;3;1083
16;1086;3203;1122;731;1456;57;2;1082
16;1087;3203;2578;731;632;-2;2;1082
16;1088;3203;2578;622;632;-2;3;1087
16;1089;3203;2578;622;603;87;4;1088
16;1090;3203;3181;622;29;-1;4;1088
16;1091;3825;2578;109;632;-1;3;1087
16;1092;3934;0;622;3210;-2;1;1033
16;1093;3934;0;622;1003;205;2;1092
16;1094;3934;1003;622;224;-2;2;1092
16;1095;3934;1003;555;224;88;3;1094
16;1096;4489;1003;67;224;-1;3;1094
16;1097;3934;1227;622;1983;-2;2;1092
16;1098;3934;1227;573;1983;-2;3;1097
16;1099;3934;1227;573;1935;58;4;1098
16;1100;3934;3162;573;48;-1;4;1098
16;1101;4507;1227;49;1983;-1;3;1097
16;1102;4556;0;1444;3210;-2;1;1033
16;1103;4556;0;1444;673;-2;2;1102
16;1104;4556;0;1411;673;206;3;1103
16;1105;5967;0;33;673;-1;3;1103
16;1106;4556;673;1444;1763;-2;2;1102
16;1107;4556;673;503;1763;207;3;1106
16;1108;5059;673;503;1763;208;3;1106
16;1109;5562;673;415;1763;-2;3;1106
16;1110;5562;673;415;1578;209;4;1109
16;1111;5562;2251;415;185;-1;4;1109
16;1112;5977;673;23;1763;-1;3;1106
16;1113;4556;2436;1444;774;-2;2;1102
16;1114;4556;2436;701;774;-2;3;1113
16;1115;4556;2436;701;617;28;4;1114
16;1116;4556;3053;701;157;-1;4;1114
16;1117;5257;2436;701;774;-2;3;1113
16;1118;5257;2436;701;617;29;4;1117
16;1119;5257;3053;701;157;-1;4;1117
16;1120;5958;2436;42;774;-1;3;1113
17;1121;0;0;6000;3210;-2;0;
17;1122;0;0;646;3210;-2;1;1121
17;1123;0;0;646;1844;-2;2;1122
17;1124;0;0;611;1844;59;3;1123
17;1125;611;0;35;1844;-1;3;1123
17;1126;0;1844;646;922;-2;2;1122
17;1127;0;1844;313;922;178;3;1126
17;1128;313;1844;313;922;179;3;1126
17;1129;626;1844;20;922;-1;3;1126
17;1130;0;2766;646;444;-2;2;1122
17;1131;0;2766;555;444;-2;3;1130
17;1132;0;2766;555;224;89;4;1131
17;1133;0;2990;555;220;-1;4;1131
17;1134;555;2766;91;444;-1;3;1130
17;1135;646;0;5354;3210;-3;1;1121
