PLATE_ID;NODE_ID;X;Y;WIDTH;HEIGHT;TYPE;CUT;PARENT
0;0;0;0;6000;3210;-2;0;
0;1;0;0;2172;3210;-2;1;0
0;2;0;0;2172;1056;232;2;1
0;3;0;1056;2172;1056;233;2;1
0;4;0;2112;2172;1056;234;2;1
0;5;0;3168;2172;42;-1;2;1
0;6;2172;0;1150;3210;-2;1;0
0;7;2172;0;1150;2082;-2;2;6
0;8;2172;0;1116;2082;261;3;7
0;9;3288;0;34;2082;-1;3;7
0;10;2172;2082;1150;1128;-2;2;6
0;11;2172;2082;575;1128;-2;3;10
0;12;2172;2082;575;1077;319;4;11
0;13;2172;3159;575;51;-1;4;11
0;14;2747;2082;575;1128;-2;3;10
0;15;2747;2082;575;1077;320;4;14
0;16;2747;3159;575;51;-1;4;14
0;17;3322;0;2678;3210;-2;1;0
0;18;3322;0;2678;2030;-2;2;17
0;19;3322;0;521;2030;174;3;18
0;20;3843;0;1115;2030;-2;3;18
0;21;3843;0;1115;1882;262;4;20
0;22;3843;1882;1115;148;-1;4;20
0;23;4958;0;521;2030;175;3;18
0;24;5479;0;521;2030;176;3;18
0;25;3322;2030;2678;1180;-2;2;17
0;26;3322;2030;1882;1180;-2;3;25
0;27;3322;2030;1882;1115;263;4;26
0;28;3322;3145;1882;65;-1;4;26
0;29;5204;2030;745;1180;-2;3;25
0;30;5204;2030;745;1138;87;4;29
0;31;5204;3168;745;42;-1;4;29
0;32;5949;2030;51;1180;-1;3;25
1;33;0;0;6000;3210;-2;0;
1;34;0;0;1676;3210;-2;1;33
1;35;0;0;1676;1952;-2;2;34
1;36;0;0;838;1952;290;3;35
1;37;838;0;838;1952;291;3;35
1;38;0;1952;1676;1258;-2;2;34
1;39;0;1952;620;1258;-2;3;38
1;40;0;1952;620;1228;29;4;39
1;41;0;3180;620;30;-1;4;39
1;42;620;1952;657;1258;-2;3;38
1;43;620;1952;657;1195;145;4;42
1;44;620;3147;657;63;-1;4;42
1;45;1277;1952;356;1258;-2;3;38
1;46;1277;1952;356;1145;116;4;45
1;47;1277;3097;356;113;-1;4;45
1;48;1633;1952;43;1258;-1;3;38
1;49;1676;0;1882;3210;-2;1;33
1;50;1676;0;1882;2042;-2;2;49
1;51;1676;0;930;2042;292;3;50
1;52;2606;0;930;2042;293;3;50
1;53;3536;0;22;2042;-1;3;50
1;54;1676;2042;1882;1095;264;2;49
1;55;1676;3137;1882;73;-1;2;49
1;56;3558;0;2403;3210;-2;1;33
1;57;3558;0;2403;1882;-2;2;56
1;58;3558;0;1095;1882;265;3;57
1;59;4653;0;693;1882;-2;3;57
1;60;4653;0;693;1792;203;4;59
1;61;4653;1792;693;90;-1;4;59
1;62;5346;0;615;1882;-2;3;57
1;63;5346;0;615;1792;235;4;62
1;64;5346;1792;615;90;-1;4;62
1;65;3558;1882;2403;582;-2;2;56
1;66;3558;1882;787;582;0;3;65
1;67;4345;1882;787;582;1;3;65
1;68;5132;1882;787;582;2;3;65
1;69;5919;1882;42;582;-1;3;65
1;70;3558;2464;2403;746;-2;2;56
1;71;3558;2464;1177;746;-2;3;70
1;72;3558;2464;1177;719;294;4;71
1;73;3558;3183;1177;27;-1;4;71
1;74;4735;2464;1177;746;-2;3;70
1;75;4735;2464;1177;719;295;4;74
1;76;4735;3183;1177;27;-1;4;74
1;77;5912;2464;49;746;-1;3;70
1;78;5961;0;39;3210;-1;1;33
2;79;0;0;6000;3210;-2;0;
2;80;0;0;1912;3210;-2;1;79
2;81;0;0;1912;1090;-2;2;80
2;82;0;0;1882;1090;266;3;81
2;83;1882;0;30;1090;-1;3;81
2;84;0;1090;1912;615;-2;2;80
2;85;0;1090;1792;615;236;3;84
2;86;1792;1090;120;615;-1;3;84
2;87;0;1705;1912;824;-2;2;80
2;88;0;1705;1892;824;-2;3;87
2;89;0;1705;1892;21;-2;4;88
2;90;0;1726;1892;803;321;4;88
2;91;1892;1705;20;824;-1;3;87
2;92;0;2529;1912;681;-2;2;80
2;93;0;2529;1792;681;-2;3;92
2;94;0;2529;1792;660;237;4;93
2;95;0;3189;1792;21;-1;4;93
2;96;1792;2529;120;681;-1;3;92
2;97;1912;0;850;3210;-2;1;79
2;98;1912;0;850;1892;-2;2;97
2;99;1912;0;23;1892;-1;3;98
2;100;1935;0;803;1892;322;3;98
2;101;2738;0;24;1892;-1;3;98
2;102;1912;1892;850;1318;-2;2;97
2;103;1912;1892;830;1318;-2;3;102
2;104;1912;1892;830;1270;88;4;103
2;105;1912;3162;830;48;-1;4;103
2;106;2742;1892;20;1318;-1;3;102
2;107;2762;0;2155;3210;-2;1;79
2;108;2762;0;2155;521;-2;2;107
2;109;2762;0;2030;521;177;3;108
2;110;4792;0;125;521;-1;3;108
2;111;2762;521;2155;1882;-2;2;107
2;112;2762;521;1090;1882;267;3;111
2;113;3852;521;1065;1882;268;3;111
2;114;2762;2403;2155;807;-2;2;107
2;115;2762;2403;1883;807;-2;3;114
2;116;2762;2403;1883;697;89;4;115
2;117;2762;3100;1883;110;-1;4;115
2;118;4645;2403;208;807;-2;3;114
2;119;4645;2403;208;609;117;4;118
2;120;4645;3012;208;198;-1;4;118
2;121;4853;2403;64;807;-1;3;114
2;122;4917;0;719;3210;-2;1;79
2;123;4917;0;719;1177;296;2;122
2;124;4917;1177;719;1177;297;2;122
2;125;4917;2354;719;856;-2;2;122
2;126;4917;2354;572;856;-2;3;125
2;127;4917;2354;572;787;3;4;126
2;128;4917;3141;572;69;-1;4;126
2;129;5489;2354;147;856;-1;3;125
2;130;5636;0;343;3210;-2;1;79
2;131;5636;0;343;1529;118;2;130
2;132;5636;1529;343;1529;119;2;130
2;133;5636;3058;343;152;-1;2;130
2;134;5979;0;21;3210;-1;1;79
3;135;0;0;6000;3210;-2;0;
3;136;0;0;1822;3210;-2;1;135
3;137;0;0;1822;730;-2;2;136
3;138;0;0;1792;730;-2;3;137
3;139;0;0;1792;660;238;4;138
3;140;0;660;1792;70;-1;4;138
3;141;1792;0;30;730;-1;3;137
3;142;0;730;1822;1189;323;2;136
3;143;0;1919;1822;1250;324;2;136
3;144;0;3169;1822;41;-1;2;136
3;145;1822;0;1150;3210;-2;1;135
3;146;1822;0;1150;2165;-2;2;145
3;147;1822;0;559;2165;4;3;146
3;148;2381;0;559;2165;5;3;146
3;149;2940;0;32;2165;-1;3;146
3;150;1822;2165;1150;510;325;2;145
3;151;1822;2675;1150;510;326;2;145
3;152;1822;3185;1150;25;-1;2;145
3;153;2972;0;1942;3210;-2;1;135
3;154;2972;0;1942;1065;-2;2;153
3;155;2972;0;1882;1065;269;3;154
3;156;4854;0;60;1065;-1;3;154
3;157;2972;1065;1942;1062;-2;2;153
3;158;2972;1065;60;1062;-1;3;157
3;159;3032;1065;1882;1062;270;3;157
3;160;2972;2127;1942;1083;-2;2;153
3;161;2972;2127;1882;1083;-2;3;160
3;162;2972;2127;1882;1062;271;4;161
3;163;2972;3189;1882;21;-1;4;161
3;164;4854;2127;60;1083;-1;3;160
3;165;4914;0;559;3210;-2;1;135
3;166;4914;0;559;33;-1;2;165
3;167;4914;33;559;2165;6;2;165
3;168;4914;2198;559;804;-2;2;165
3;169;4914;2198;505;804;204;3;168
3;170;5419;2198;54;804;-1;3;168
3;171;4914;3002;559;208;-2;2;165
3;172;4914;3002;399;208;120;3;171
3;173;5313;3002;160;208;-1;3;171
3;174;5473;0;505;3210;-2;1;135
3;175;5473;0;505;804;205;2;174
3;176;5473;804;505;1504;178;2;174
3;177;5473;2308;505;902;-2;2;174
3;178;5473;2308;379;902;-2;3;177
3;179;5473;2308;379;874;30;4;178
3;180;5473;3182;379;28;-1;4;178
3;181;5852;2308;126;902;-1;3;177
3;182;5978;0;22;3210;-1;1;135
4;183;0;0;6000;3210;-2;0;
4;184;0;0;2734;3210;-2;1;183
4;185;0;0;2734;356;-2;2;184
4;186;0;0;1310;356;58;3;185
4;187;1310;0;1310;356;59;3;185
4;188;2620;0;114;356;-1;3;185
4;189;0;356;2734;559;-2;2;184
4;190;0;356;2165;559;7;3;189
4;191;2165;356;423;559;-2;3;189
4;192;2165;356;423;509;121;4;191
4;193;2165;865;423;50;-1;4;191
4;194;2588;356;146;559;-1;3;189
4;195;0;915;2734;1762;-2;2;184
4;196;0;915;1367;1762;327;3;195
4;197;1367;915;1367;1762;328;3;195
4;198;0;2677;2734;533;-2;2;184
4;199;0;2677;1504;533;-2;3;198
4;200;0;2677;1504;505;179;4;199
4;201;0;3182;1504;28;-1;4;199
4;202;1504;2677;1204;533;-2;3;198
4;203;1504;2677;1204;505;180;4;202
4;204;1504;3182;1204;28;-1;4;202
4;205;2708;2677;26;533;-1;3;198
4;206;2734;0;942;3210;-2;1;183
4;207;2734;0;942;1941;329;2;206
4;208;2734;1941;942;1269;-2;2;206
4;209;2734;1941;657;1269;-2;3;208
4;210;2734;1941;657;1195;146;4;209
4;211;2734;3136;657;74;-1;4;209
4;212;3391;1941;215;1269;-2;3;208
4;213;3391;1941;215;1206;31;4;212
4;214;3391;3147;215;63;-1;4;212
4;215;3606;1941;70;1269;-1;3;208
4;216;3676;0;2324;3210;-2;1;183
4;217;3676;0;2324;1666;-2;2;216
4;218;3676;0;1127;1666;181;3;217
4;219;4803;0;1127;1666;182;3;217
4;220;5930;0;70;1666;-1;3;217
4;221;3676;1666;2324;301;-2;2;216
4;222;3676;1666;2072;301;32;3;221
4;223;5748;1666;252;301;-1;3;221
4;224;3676;1967;2324;1243;-2;2;216
4;225;3676;1967;657;1243;-2;3;224
4;226;3676;1967;657;1195;147;4;225
4;227;3676;3162;657;48;-1;4;225
4;228;4333;1967;657;1243;-2;3;224
4;229;4333;1967;657;1195;148;4;228
4;230;4333;3162;657;48;-1;4;228
4;231;4990;1967;505;1243;-2;3;224
4;232;4990;1967;505;1204;206;4;231
4;233;4990;3171;505;39;-1;4;231
4;234;5495;1967;505;1243;-2;3;224
4;235;5495;1967;505;1204;207;4;234
4;236;5495;3171;505;39;-1;4;234
5;237;0;0;6000;3210;-2;0;
5;238;0;0;1509;3210;-2;1;237
5;239;0;0;1509;2082;-2;2;238
5;240;0;0;1482;2082;272;3;239
5;241;1482;0;27;2082;-1;3;239
5;242;0;2082;1509;343;149;2;238
5;243;0;2425;1509;343;150;2;238
5;244;0;2768;1509;442;-2;2;238
5;245;0;2768;630;442;-2;3;244
5;246;0;2768;630;405;122;4;245
5;247;0;3173;630;37;-1;4;245
5;248;630;2768;720;442;-2;3;244
5;249;630;2768;720;415;123;4;248
5;250;630;3183;720;27;-1;4;248
5;251;1350;2768;159;442;-1;3;244
5;252;1509;0;2082;3210;-2;1;237
5;253;1509;0;2082;1482;273;2;252
5;254;1509;1482;2082;1140;274;2;252
5;255;1509;2622;2082;588;-2;2;252
5;256;1509;2622;569;588;-2;3;255
5;257;1509;2622;569;565;124;4;256
5;258;1509;3187;569;23;-1;4;256
5;259;2078;2622;569;588;-2;3;255
5;260;2078;2622;569;565;125;4;259
5;261;2078;3187;569;23;-1;4;259
5;262;2647;2622;830;588;-2;3;255
5;263;2647;2622;830;560;126;4;262
5;264;2647;3182;830;28;-1;4;262
5;265;3477;2622;114;588;-1;3;255
5;266;3591;0;2409;3210;-2;1;237
5;267;3591;0;2409;356;-2;2;266
5;268;3591;0;1145;356;127;3;267
5;269;4736;0;1145;356;128;3;267
5;270;5881;0;119;356;-1;3;267
5;271;3591;356;2409;1204;-2;2;266
5;272;3591;356;505;1204;208;3;271
5;273;4096;356;505;1204;209;3;271
5;274;4601;356;505;1204;210;3;271
5;275;5106;356;505;1204;211;3;271
5;276;5611;356;356;1204;-2;3;271
5;277;5611;356;356;1145;129;4;276
5;278;5611;1501;356;59;-1;4;276
5;279;5967;356;33;1204;-1;3;271
5;280;3591;1560;2409;1650;-2;2;266
5;281;3591;1560;1177;1650;-2;3;280
5;282;3591;1560;1177;1523;298;4;281
5;283;3591;3083;1177;127;-1;4;281
5;284;4768;1560;20;1650;-1;3;280
5;285;4788;1560;1177;1650;-2;3;280
5;286;4788;1560;1177;1523;299;4;285
5;287;4788;3083;1177;127;-1;4;285
5;288;5965;1560;35;1650;-1;3;280
6;289;0;0;6000;3210;-2;0;
6;290;0;0;3402;3210;-2;1;289
6;291;0;0;3402;1177;-2;2;290
6;292;0;0;1523;1177;300;3;291
6;293;1523;0;1523;1177;301;3;291
6;294;3046;0;356;1177;-2;3;291
6;295;3046;0;356;1145;130;4;294
6;296;3046;1145;356;32;-1;4;294
6;297;0;1177;3402;2033;-2;2;290
6;298;0;1177;868;2033;-2;3;297
6;299;0;1177;868;1937;90;4;298
6;300;0;3114;868;96;-1;4;298
6;301;868;1177;796;2033;-2;3;297
6;302;868;1177;796;1946;302;4;301
6;303;868;3123;796;87;-1;4;301
6;304;1664;1177;942;2033;-2;3;297
6;305;1664;1177;942;1941;330;4;304
6;306;1664;3118;942;92;-1;4;304
6;307;2606;1177;796;2033;-2;3;297
6;308;2606;1177;796;1946;303;4;307
6;309;2606;3123;796;87;-1;4;307
6;310;3402;0;861;3210;-2;1;289
6;311;3402;0;861;1952;-2;2;310
6;312;3402;0;838;1952;331;3;311
6;313;4240;0;23;1952;-1;3;311
6;314;3402;1952;861;1258;-2;2;310
6;315;3402;1952;505;1258;-2;3;314
6;316;3402;1952;505;1204;212;4;315
6;317;3402;3156;505;54;-1;4;315
6;318;3907;1952;356;1258;-2;3;314
6;319;3907;1952;356;1145;131;4;318
6;320;3907;3097;356;113;-1;4;318
6;321;4263;0;1656;3210;-2;1;289
6;322;4263;0;1656;1056;183;2;321
6;323;4263;1056;1656;544;-2;2;321
6;324;4263;1056;1626;544;213;3;323
6;325;5889;1056;30;544;-1;3;323
6;326;4263;1600;1656;1046;184;2;321
6;327;4263;2646;1656;564;-2;2;321
6;328;4263;2646;1626;564;-2;3;327
6;329;4263;2646;1626;544;214;4;328
6;330;4263;3190;1626;20;-1;4;328
6;331;5889;2646;30;564;-1;3;327
6;332;5919;0;81;3210;-1;1;289
7;333;0;0;6000;3210;-2;0;
7;334;0;0;2082;3210;-2;1;333
7;335;0;0;2082;1140;275;2;334
7;336;0;1140;2082;1133;276;2;334
7;337;0;2273;2082;937;-2;2;334
7;338;0;2273;1511;937;-2;3;337
7;339;0;2273;1511;911;33;4;338
7;340;0;3184;1511;26;-1;4;338
7;341;1511;2273;500;937;-2;3;337
7;342;1511;2273;500;880;132;4;341
7;343;1511;3153;500;57;-1;4;341
7;344;2011;2273;71;937;-1;3;337
7;345;2082;0;2006;3210;-2;1;333
7;346;2082;0;2006;366;185;2;345
7;347;2082;366;2006;1096;-2;2;345
7;348;2082;366;1954;1096;304;3;347
7;349;4036;366;52;1096;-1;3;347
7;350;2082;1462;2006;616;-2;2;345
7;351;2082;1462;1876;616;186;3;350
7;352;3958;1462;130;616;-1;3;350
7;353;2082;2078;2006;1132;-2;2;345
7;354;2082;2078;1954;1132;-2;3;353
7;355;2082;2078;1954;1096;305;4;354
7;356;2082;3174;1954;36;-1;4;354
7;357;4036;2078;52;1132;-1;3;353
7;358;4088;0;1875;3210;-2;1;333
7;359;4088;0;1875;660;-2;2;358
7;360;4088;0;1792;660;239;3;359
7;361;5880;0;83;660;-1;3;359
7;362;4088;660;1875;718;-2;2;358
7;363;4088;660;33;718;-1;3;362
7;364;4121;660;1842;718;240;3;362
7;365;4088;1378;1875;356;-2;2;358
7;366;4088;1378;1310;356;60;3;365
7;367;5398;1378;399;356;-2;3;365
7;368;5398;1378;399;299;187;4;367
7;369;5398;1677;399;57;-1;4;367
7;370;5797;1378;166;356;-1;3;365
7;371;4088;1734;1875;718;-2;2;358
7;372;4088;1734;33;718;-1;3;371
7;373;4121;1734;1842;718;241;3;371
7;374;4088;2452;1875;758;-2;2;358
7;375;4088;2452;1842;758;-2;3;374
7;376;4088;2452;1842;718;242;4;375
7;377;4088;3170;1842;40;-1;4;375
7;378;5930;2452;33;758;-1;3;374
7;379;5963;0;37;3210;-1;1;333
8;380;0;0;6000;3210;-2;0;
8;381;0;0;3387;3210;-2;1;380
8;382;0;0;3387;544;-2;2;381
8;383;0;0;1626;544;215;3;382
8;384;1626;0;1626;544;216;3;382
8;385;3252;0;135;544;-1;3;382
8;386;0;544;3387;2082;-2;2;381
8;387;0;544;1133;2082;277;3;386
8;388;1133;544;1127;2082;278;3;386
8;389;2260;544;1127;2082;279;3;386
8;390;0;2626;3387;584;-2;2;381
8;391;0;2626;1626;584;-2;3;390
8;392;0;2626;1626;544;217;4;391
8;393;0;3170;1626;40;-1;4;391
8;394;1626;2626;1626;584;-2;3;390
8;395;1626;2626;1626;544;218;4;394
8;396;1626;3170;1626;40;-1;4;394
8;397;3252;2626;135;584;-1;3;390
8;398;3387;0;1115;3210;-2;1;380
8;399;3387;0;1115;1582;306;2;398
8;400;3387;1582;1115;1582;307;2;398
8;401;3387;3164;1115;46;-1;2;398
8;402;4502;0;1498;3210;-2;1;380
8;403;4502;0;1498;343;-2;2;402
8;404;4502;0;1449;343;151;3;403
8;405;5951;0;49;343;-1;3;403
8;406;4502;343;1498;1922;-2;2;402
8;407;4502;343;737;1922;280;3;406
8;408;5239;343;737;1922;281;3;406
8;409;5976;343;24;1922;-1;3;406
8;410;4502;2265;1498;343;-2;2;402
8;411;4502;2265;1449;343;133;3;410
8;412;5951;2265;49;343;-1;3;410
8;413;4502;2608;1498;602;-2;2;402
8;414;4502;2608;1172;602;-2;3;413
8;415;4502;2608;1172;571;91;4;414
8;416;4502;3179;1172;31;-1;4;414
8;417;5674;2608;299;602;-2;3;413
8;418;5674;2608;299;399;188;4;417
8;419;5674;3007;299;203;-1;4;417
8;420;5973;2608;27;602;-1;3;413
9;421;0;0;6000;3210;-2;0;
9;422;0;0;1070;3210;-2;1;421
9;423;0;0;1070;1582;308;2;422
9;424;0;1582;1070;1582;309;2;422
9;425;0;3164;1070;46;-1;2;422
9;426;1070;0;1070;3210;-2;1;421
9;427;1070;0;1070;1572;310;2;426
9;428;1070;1572;1070;1572;311;2;426
9;429;1070;3144;1070;66;-1;2;426
9;430;2140;0;1979;3210;-2;1;421
9;431;2140;0;1979;737;-2;2;430
9;432;2140;0;1922;737;282;3;431
9;433;4062;0;57;737;-1;3;431
9;434;2140;737;1979;737;-2;2;430
9;435;2140;737;1922;737;283;3;434
9;436;4062;737;57;737;-1;3;434
9;437;2140;1474;1979;1736;-2;2;430
9;438;2140;1474;911;1736;-2;3;437
9;439;2140;1474;911;1711;34;4;438
9;440;2140;3185;911;25;-1;4;438
9;441;3051;1474;534;1736;-2;3;437
9;442;3051;1474;534;1609;219;4;441
9;443;3051;3083;534;127;-1;4;441
9;444;3585;1474;534;1736;-2;3;437
9;445;3585;1474;534;1609;220;4;444
9;446;3585;3083;534;127;-1;4;444
9;447;4119;0;1842;3210;-2;1;421
9;448;4119;0;1842;534;-2;2;447
9;449;4119;0;1609;534;221;3;448
9;450;5728;0;233;534;-1;3;448
9;451;4119;534;1842;718;243;2;447
9;452;4119;1252;1842;703;-2;2;447
9;453;4119;1252;1792;703;244;3;452
9;454;5911;1252;50;703;-1;3;452
9;455;4119;1955;1842;1255;-2;2;447
9;456;4119;1955;1133;1255;-2;3;455
9;457;4119;1955;1133;1183;312;4;456
9;458;4119;3138;1133;72;-1;4;456
9;459;5252;1955;657;1255;-2;3;455
9;460;5252;1955;657;1195;152;4;459
9;461;5252;3150;657;60;-1;4;459
9;462;5909;1955;52;1255;-1;3;455
9;463;5961;0;39;3210;-1;1;421
10;464;0;0;6000;3210;-2;0;
10;465;0;0;821;3210;-2;1;464
10;466;0;0;821;1741;8;2;465
10;467;0;1741;821;890;-2;2;465
10;468;0;1741;749;890;35;3;467
10;469;749;1741;72;890;-1;3;467
10;470;0;2631;821;579;-2;2;465
10;471;0;2631;622;579;134;3;470
10;472;622;2631;199;579;-1;3;470
10;473;821;0;610;3210;-2;1;464
10;474;821;0;610;2109;-2;2;473
10;475;821;0;574;2109;61;3;474
10;476;1395;0;36;2109;-1;3;474
10;477;821;2109;610;1030;153;2;473
10;478;821;3139;610;71;-1;2;473
10;479;1431;0;574;3210;-2;1;464
10;480;1431;0;574;2109;62;2;479
10;481;1431;2109;574;1101;-2;2;479
10;482;1431;2109;532;1101;-2;3;481
10;483;1431;2109;532;950;154;4;482
10;484;1431;3059;532;151;-1;4;482
10;485;1963;2109;42;1101;-1;3;481
10;486;2005;0;2812;3210;-2;1;464
10;487;2005;0;2812;1792;-2;2;486
10;488;2005;0;703;1792;245;3;487
10;489;2708;0;703;1792;246;3;487
10;490;3411;0;703;1792;247;3;487
10;491;4114;0;703;1792;248;3;487
10;492;2005;1792;2812;523;-2;2;486
10;493;2005;1792;2019;523;189;3;492
10;494;4024;1792;584;523;-2;3;492
10;495;4024;1792;584;439;135;4;494
10;496;4024;2231;584;84;-1;4;494
10;497;4608;1792;209;523;-1;3;492
10;498;2005;2315;2812;895;-2;2;486
10;499;2005;2315;2165;895;-2;3;498
10;500;2005;2315;2165;859;9;4;499
10;501;2005;3174;2165;36;-1;4;499
10;502;4170;2315;585;895;63;3;498
10;503;4755;2315;62;895;-1;3;498
10;504;4817;0;1183;3210;-2;1;464
10;505;4817;0;1183;703;-2;2;504
10;506;4817;0;1105;703;284;3;505
10;507;5922;0;78;703;-1;3;505
10;508;4817;703;1183;1133;313;2;504
10;509;4817;1836;1183;1374;-2;2;504
10;510;4817;1836;557;1374;-2;3;509
10;511;4817;1836;557;1341;222;4;510
10;512;4817;3177;557;33;-1;4;510
10;513;5374;1836;557;1374;-2;3;509
10;514;5374;1836;557;1341;223;4;513
10;515;5374;3177;557;33;-1;4;513
10;516;5931;1836;69;1374;-1;3;509
11;517;0;0;6000;3210;-2;0;
11;518;0;0;2165;3210;-2;1;517
11;519;0;0;2165;859;10;2;518
11;520;0;859;2165;1759;11;2;518
11;521;0;2618;2165;592;-2;2;518
11;522;0;2618;1324;592;-2;3;521
11;523;0;2618;1324;547;224;4;522
11;524;0;3165;1324;45;-1;4;522
11;525;1324;2618;655;592;-2;3;521
11;526;1324;2618;655;518;136;4;525
11;527;1324;3136;655;74;-1;4;525
11;528;1979;2618;186;592;-1;3;521
11;529;2165;0;1792;3210;-2;1;517
11;530;2165;0;1792;703;249;2;529
11;531;2165;703;1792;730;250;2;529
11;532;2165;1433;1792;730;251;2;529
11;533;2165;2163;1792;730;252;2;529
11;534;2165;2893;1792;317;-2;2;529
11;535;2165;2893;1517;317;-2;3;534
11;536;2165;2893;1517;297;225;4;535
11;537;2165;3190;1517;20;-1;4;535
11;538;3682;2893;275;317;-1;3;534
11;539;3957;0;2043;3210;-2;1;517
11;540;3957;0;2043;730;-2;2;539
11;541;3957;0;165;730;-1;3;540
11;542;4122;0;1792;730;253;3;540
11;543;5914;0;86;730;-1;3;540
11;544;3957;730;2043;523;-2;2;539
11;545;3957;730;2019;523;190;3;544
11;546;5976;730;24;523;-1;3;544
11;547;3957;1253;2043;523;-2;2;539
11;548;3957;1253;2019;523;191;3;547
11;549;5976;1253;24;523;-1;3;547
11;550;3957;1776;2043;523;-2;2;539
11;551;3957;1776;2019;523;192;3;550
11;552;5976;1776;24;523;-1;3;550
11;553;3957;2299;2043;911;-2;2;539
11;554;3957;2299;900;911;-2;3;553
11;555;3957;2299;900;849;36;4;554
11;556;3957;3148;900;62;-1;4;554
11;557;4857;2299;1100;911;-2;3;553
11;558;4857;2299;1100;790;92;4;557
11;559;4857;3089;1100;121;-1;4;557
11;560;5957;2299;43;911;-1;3;553
12;561;0;0;6000;3210;-2;0;
12;562;0;0;2223;3210;-2;1;561
12;563;0;0;2223;1759;-2;2;562
12;564;0;0;2165;1759;12;3;563
12;565;2165;0;58;1759;-1;3;563
12;566;0;1759;2223;1451;-2;2;562
12;567;0;1759;710;1451;-2;3;566
12;568;0;1759;710;1410;93;4;567
12;569;0;3169;710;41;-1;4;567
12;570;710;1759;919;1451;-2;3;566
12;571;710;1759;919;1370;37;4;570
12;572;710;3129;919;81;-1;4;570
12;573;1629;1759;297;1451;-2;3;566
12;574;1629;1759;297;1297;226;4;573
12;575;1629;3056;297;154;-1;4;573
12;576;1926;1759;297;1451;-2;3;566
12;577;1926;1759;297;1217;227;4;576
12;578;1926;2976;297;234;-1;4;576
12;579;2223;0;819;3210;-2;1;561
12;580;2223;0;819;1852;-2;2;579
12;581;2223;0;797;1852;94;3;580
12;582;3020;0;22;1852;-1;3;580
12;583;2223;1852;819;613;64;2;579
12;584;2223;2465;819;613;65;2;579
12;585;2223;3078;819;132;-1;2;579
12;586;3042;0;2210;3210;-2;1;561
12;587;3042;0;2210;703;-2;2;586
12;588;3042;0;1105;703;285;3;587
12;589;4147;0;1105;703;286;3;587
12;590;3042;703;2210;1759;-2;2;586
12;591;3042;703;2186;1759;13;3;590
12;592;5228;703;24;1759;-1;3;590
12;593;3042;2462;2210;748;-2;2;586
12;594;3042;2462;1660;748;-2;3;593
12;595;3042;2462;1660;720;95;4;594
12;596;3042;3182;1660;28;-1;4;594
12;597;4702;2462;459;748;-2;3;593
12;598;4702;2462;459;670;66;4;597
12;599;4702;3132;459;78;-1;4;597
12;600;5161;2462;91;748;-1;3;593
12;601;5252;0;748;3210;-2;1;561
12;602;5252;0;748;1670;-2;2;601
12;603;5252;0;720;1670;96;3;602
12;604;5972;0;28;1670;-1;3;602
12;605;5252;1670;748;1540;-2;2;601
12;606;5252;1670;356;1540;-2;3;605
12;607;5252;1670;356;1310;67;4;606
12;608;5252;2980;356;230;-1;4;606
12;609;5608;1670;356;1540;-2;3;605
12;610;5608;1670;356;1310;68;4;609
12;611;5608;2980;356;230;-1;4;609
12;612;5964;1670;36;1540;-1;3;605
13;613;0;0;6000;3210;-2;0;
13;614;0;0;3436;3210;-2;1;613
13;615;0;0;3436;2165;-2;2;614
13;616;0;0;1759;2165;14;3;615
13;617;1759;0;559;2165;15;3;615
13;618;2318;0;559;2165;16;3;615
13;619;2877;0;559;2165;17;3;615
13;620;0;2165;3436;657;-2;2;614
13;621;0;2165;2165;657;-2;3;620
13;622;0;2165;2165;559;18;4;621
13;623;0;2724;2165;98;-1;4;621
13;624;2165;2165;1195;657;155;3;620
13;625;3360;2165;76;657;-1;3;620
13;626;0;2822;3436;388;-2;2;614
13;627;0;2822;1699;388;-2;3;626
13;628;0;2822;1699;356;156;4;627
13;629;0;3178;1699;32;-1;4;627
13;630;1699;2822;1699;388;-2;3;626
13;631;1699;2822;1699;356;157;4;630
13;632;1699;3178;1699;32;-1;4;630
13;633;3398;2822;38;388;-1;3;626
13;634;3436;0;2165;3210;-2;1;613
13;635;3436;0;2165;559;19;2;634
13;636;3436;559;2165;559;20;2;634
13;637;3436;1118;2165;559;21;2;634
13;638;3436;1677;2165;559;22;2;634
13;639;3436;2236;2165;559;23;2;634
13;640;3436;2795;2165;415;-2;2;634
13;641;3436;2795;1699;415;-2;3;640
13;642;3436;2795;1699;59;-2;4;641
13;643;3436;2854;1699;356;158;4;641
13;644;5135;2795;419;415;-2;3;640
13;645;5135;2795;419;111;-1;4;644
13;646;5135;2906;419;304;193;4;644
13;647;5554;2795;47;415;-1;3;640
13;648;5601;0;356;3210;-2;1;613
13;649;5601;0;356;1699;159;2;648
13;650;5601;1699;356;1310;69;2;648
13;651;5601;3009;356;201;-1;2;648
13;652;5957;0;43;3210;-1;1;613
14;653;0;0;6000;3210;-2;0;
14;654;0;0;718;3210;-2;1;653
14;655;0;0;718;1172;194;2;654
14;656;0;1172;718;1172;195;2;654
14;657;0;2344;718;866;-2;2;654
14;658;0;2344;658;866;-2;3;657
14;659;0;2344;658;819;70;4;658
14;660;0;3163;658;47;-1;4;658
14;661;658;2344;60;866;-1;3;657
14;662;718;0;720;3210;-2;1;653
14;663;718;0;720;706;-2;2;662
14;664;718;0;678;706;-2;3;663
14;665;718;0;678;619;137;4;664
14;666;718;619;678;87;-1;4;664
14;667;1396;0;42;706;-1;3;663
14;668;718;706;720;619;-2;2;662
14;669;718;706;678;619;138;3;668
14;670;1396;706;42;619;-1;3;668
14;671;718;1325;720;1670;97;2;662
14;672;718;2995;720;215;-1;2;662
14;673;1438;0;1139;3210;-2;1;653
14;674;1438;0;1139;1165;314;2;673
14;675;1438;1165;1139;533;-2;2;673
14;676;1438;1165;1109;533;98;3;675
14;677;2547;1165;30;533;-1;3;675
14;678;1438;1698;1139;25;-1;2;673
14;679;1438;1723;1139;1165;315;2;673
14;680;1438;2888;1139;322;-2;2;673
14;681;1438;2888;1002;322;-2;3;680
14;682;1438;2888;1002;297;228;4;681
14;683;1438;3185;1002;25;-1;4;681
14;684;2440;2888;137;322;-1;3;680
14;685;2577;0;1483;3210;-2;1;653
14;686;2577;0;1483;954;316;2;685
14;687;2577;954;1483;1792;-2;2;685
14;688;2577;954;730;1792;254;3;687
14;689;3307;954;730;1792;255;3;687
14;690;4037;954;23;1792;-1;3;687
14;691;2577;2746;1483;464;-2;2;685
14;692;2577;2746;1449;464;-2;3;691
14;693;2577;2746;1449;440;160;4;692
14;694;2577;3186;1449;24;-1;4;692
14;695;4026;2746;34;464;-1;3;691
14;696;4060;0;615;3210;-2;1;653
14;697;4060;0;615;2000;229;2;696
14;698;4060;2000;615;1210;-2;2;696
14;699;4060;2000;533;1210;-2;3;698
14;700;4060;2000;533;1109;99;4;699
14;701;4060;3109;533;101;-1;4;699
14;702;4593;2000;82;1210;-1;3;698
14;703;4675;0;585;3210;-2;1;653
14;704;4675;0;585;895;71;2;703
14;705;4675;895;585;150;-1;2;703
14;706;4675;1045;585;2165;-2;2;703
14;707;4675;1045;559;2165;24;3;706
14;708;5234;1045;26;2165;-1;3;706
14;709;5260;0;713;3210;-2;1;653
14;710;5260;0;713;1814;-2;2;709
14;711;5260;0;693;1814;-2;3;710
14;712;5260;0;693;1792;256;4;711
14;713;5260;1792;693;22;-1;4;711
14;714;5953;0;20;1814;-1;3;710
14;715;5260;1814;713;969;139;2;709
14;716;5260;2783;713;427;-2;2;709
14;717;5260;2783;500;427;-2;3;716
14;718;5260;2783;500;385;140;4;717
14;719;5260;3168;500;42;-1;4;717
14;720;5760;2783;213;427;-1;3;716
14;721;5973;0;27;3210;-1;1;653
15;722;0;0;6000;3210;-2;0;
15;723;0;0;1483;3210;-2;1;722
15;724;0;0;1483;954;317;2;723
15;725;0;954;1483;1792;-2;2;723
15;726;0;954;693;1792;257;3;725
15;727;693;954;693;1792;258;3;725
15;728;1386;954;97;1792;-1;3;725
15;729;0;2746;1483;464;-2;2;723
15;730;0;2746;1449;464;-2;3;729
15;731;0;2746;1449;440;161;4;730
15;732;0;3186;1449;24;-1;4;730
15;733;1449;2746;34;464;-1;3;729
15;734;1483;0;693;3210;-2;1;722
15;735;1483;0;693;1792;259;2;734
15;736;1483;1792;693;1172;-2;2;734
15;737;1483;1792;571;1172;100;3;736
15;738;2054;1792;122;1172;-1;3;736
15;739;1483;2964;693;246;-2;2;734
15;740;1483;2964;470;246;-2;3;739
15;741;1483;2964;470;208;141;4;740
15;742;1483;3172;470;38;-1;4;740
15;743;1953;2964;223;246;-1;3;739
15;744;2176;0;610;3210;-2;1;722
15;745;2176;0;610;2165;-2;2;744
15;746;2176;0;559;2165;25;3;745
15;747;2735;0;51;2165;-1;3;745
15;748;2176;2165;610;1010;101;2;744
15;749;2176;3175;610;35;-1;2;744
15;750;2786;0;718;3210;-2;1;722
15;751;2786;0;718;1448;-2;2;750
15;752;2786;0;695;1448;162;3;751
15;753;3481;0;23;1448;-1;3;751
15;754;2786;1448;718;478;-2;2;750
15;755;2786;1448;624;478;142;3;754
15;756;3410;1448;94;478;-1;3;754
15;757;2786;1926;718;498;-2;2;750
15;758;2786;1926;640;498;143;3;757
15;759;3426;1926;78;498;-1;3;757
15;760;2786;2424;718;718;72;2;750
15;761;2786;3142;718;68;-1;2;750
15;762;3504;0;738;3210;-2;1;722
15;763;3504;0;738;934;-2;2;762
15;764;3504;0;710;934;-2;3;763
15;765;3504;0;710;910;102;4;764
15;766;3504;910;710;24;-1;4;764
15;767;4214;0;28;934;-1;3;763
15;768;3504;934;738;1097;-2;2;762
15;769;3504;934;718;1097;196;3;768
15;770;4222;934;20;1097;-1;3;768
15;771;3504;2031;738;1179;-2;2;762
15;772;3504;2031;718;1179;-2;3;771
15;773;3504;2031;718;1097;197;4;772
15;774;3504;3128;718;82;-1;4;772
15;775;4222;2031;20;1179;-1;3;771
15;776;4242;0;615;3210;-2;1;722
15;777;4242;0;615;1915;230;2;776
15;778;4242;1915;615;126;-1;2;776
15;779;4242;2041;615;1169;-2;2;776
15;780;4242;2041;571;1169;103;3;779
15;781;4813;2041;44;1169;-1;3;779
15;782;4857;0;1143;3210;-2;1;722
15;783;4857;0;1143;723;-2;2;782
15;784;4857;0;1105;723;-2;3;783
15;785;4857;0;1105;703;287;4;784
15;786;4857;703;1105;20;-1;4;784
15;787;5962;0;38;723;-1;3;783
15;788;4857;723;1143;1071;-2;2;782
15;789;4857;723;1121;1071;38;3;788
15;790;5978;723;22;1071;-1;3;788
15;791;4857;1794;1143;708;-2;2;782
15;792;4857;1794;1009;708;104;3;791
15;793;5866;1794;134;708;-1;3;791
15;794;4857;2502;1143;708;-2;2;782
15;795;4857;2502;1009;708;105;3;794
15;796;5866;2502;134;708;-1;3;794
16;797;0;0;6000;3210;-2;0;
16;798;0;0;738;3210;-2;1;797
16;799;0;0;738;1107;-2;2;798
16;800;0;0;713;1107;-2;3;799
16;801;0;0;713;969;144;4;800
16;802;0;969;713;138;-1;4;800
16;803;713;0;25;1107;-1;3;799
16;804;0;1107;738;718;-2;2;798
16;805;0;1107;718;718;73;3;804
16;806;718;1107;20;718;-1;3;804
16;807;0;1825;738;1385;-2;2;798
16;808;0;1825;705;1385;-2;3;807
16;809;0;1825;705;1323;106;4;808
16;810;0;3148;705;62;-1;4;808
16;811;705;1825;33;1385;-1;3;807
16;812;738;0;768;3210;-2;1;797
16;813;738;0;768;740;-2;2;812
16;814;738;0;720;740;-2;3;813
16;815;738;0;720;720;74;4;814
16;816;738;720;720;20;-1;4;814
16;817;1458;0;48;740;-1;3;813
16;818;738;740;768;1608;163;2;812
16;819;738;2348;768;862;-2;2;812
16;820;738;2348;718;862;-2;3;819
16;821;738;2348;718;790;75;4;820
16;822;738;3138;718;72;-1;4;820
16;823;1456;2348;50;862;-1;3;819
16;824;1506;0;615;3210;-2;1;797
16;825;1506;0;615;1295;-2;2;824
16;826;1506;0;571;1295;-2;3;825
16;827;1506;0;571;1169;107;4;826
16;828;1506;1169;571;126;-1;4;826
16;829;2077;0;44;1295;-1;3;825
16;830;1506;1295;615;1915;231;2;824
16;831;2121;0;2240;3210;-2;1;797
16;832;2121;0;2240;1999;-2;2;831
16;833;2121;0;665;1999;198;3;832
16;834;2786;0;665;1999;199;3;832
16;835;3451;0;880;1999;-2;3;832
16;836;3451;0;880;1902;288;4;835
16;837;3451;1902;880;97;-1;4;835
16;838;4331;0;30;1999;-1;3;832
16;839;2121;1999;2240;559;-2;2;831
16;840;2121;1999;2165;559;26;3;839
16;841;4286;1999;75;559;-1;3;839
16;842;2121;2558;2240;652;-2;2;831
16;843;2121;2558;1110;652;-2;3;842
16;844;2121;2558;1110;605;108;4;843
16;845;2121;3163;1110;47;-1;4;843
16;846;3231;2558;1110;652;-2;3;842
16;847;3231;2558;1110;605;109;4;846
16;848;3231;3163;1110;47;-1;4;846
16;849;4341;2558;20;652;-1;3;842
16;850;4361;0;1639;3210;-2;1;797
16;851;4361;0;1639;775;-2;2;850
16;852;4361;0;1608;775;164;3;851
16;853;5969;0;31;775;-1;3;851
16;854;4361;775;1639;793;-2;2;850
16;855;4361;775;1598;793;165;3;854
16;856;5959;775;41;793;-1;3;854
16;857;4361;1568;1639;1642;-2;2;850
16;858;4361;1568;793;1642;-2;3;857
16;859;4361;1568;793;1598;166;4;858
16;860;4361;3166;793;44;-1;4;858
16;861;5154;1568;818;1642;-2;3;857
16;862;5154;1568;818;1618;167;4;861
16;863;5154;3186;818;24;-1;4;861
16;864;5972;1568;28;1642;-1;3;857
17;865;0;0;6000;3210;-2;0;
17;866;0;0;1152;3210;-2;1;865
17;867;0;0;1152;2139;-2;2;866
17;868;0;0;576;2139;-2;3;867
17;869;0;0;576;2074;27;4;868
17;870;0;2074;576;65;-1;4;868
17;871;576;0;576;2139;-2;3;867
17;872;576;0;576;2074;28;4;871
17;873;576;2074;576;65;-1;4;871
17;874;0;2139;1152;1071;-2;2;866
17;875;0;2139;1121;1071;39;3;874
17;876;1121;2139;31;1071;-1;3;874
17;877;1152;0;880;3210;-2;1;865
17;878;1152;0;880;1902;289;2;877
17;879;1152;1902;880;510;-2;2;877
17;880;1152;1902;354;510;168;3;879
17;881;1506;1902;354;510;169;3;879
17;882;1860;1902;172;510;-1;3;879
17;883;1152;2412;880;798;-2;2;877
17;884;1152;2412;790;798;-2;3;883
17;885;1152;2412;790;718;76;4;884
17;886;1152;3130;790;80;-1;4;884
17;887;1942;2412;90;798;-1;3;883
17;888;2032;0;1141;3210;-2;1;865
17;889;2032;0;1141;2082;-2;2;888
17;890;2032;0;1116;2082;318;3;889
17;891;3148;0;25;2082;-1;3;889
17;892;2032;2082;1141;1128;-2;2;888
17;893;2032;2082;1121;1128;-2;3;892
17;894;2032;2082;1121;1071;40;4;893
17;895;2032;3153;1121;57;-1;4;893
17;896;3153;2082;20;1128;-1;3;892
17;897;3173;0;1224;3210;-2;1;865
17;898;3173;0;1224;613;110;2;897
17;899;3173;613;1224;657;-2;2;897
17;900;3173;613;1195;657;200;3;899
17;901;4368;613;29;657;-1;3;899
17;902;3173;1270;1224;1121;-2;2;897
17;903;3173;1270;1071;1121;41;3;902
17;904;4244;1270;153;1121;-1;3;902
17;905;3173;2391;1224;819;-2;2;897
17;906;3173;2391;888;819;-2;3;905
17;907;3173;2391;888;787;42;4;906
17;908;3173;3178;888;32;-1;4;906
17;909;4061;2391;299;819;-2;3;905
17;910;4061;2391;299;114;-1;4;909
17;911;4061;2505;299;705;77;4;909
17;912;4360;2391;37;819;-1;3;905
17;913;4397;0;657;3210;-2;1;865
17;914;4397;0;657;1195;201;2;913
17;915;4397;1195;657;1195;202;2;913
17;916;4397;2390;657;310;-2;2;913
17;917;4397;2390;500;310;78;3;916
17;918;4897;2390;157;310;-1;3;916
17;919;4397;2700;657;510;-2;2;913
17;920;4397;2700;529;510;-2;3;919
17;921;4397;2700;529;458;79;4;920
17;922;4397;3158;529;52;-1;4;920
17;923;4926;2700;128;510;-1;3;919
17;924;5054;0;946;3210;-2;1;865
17;925;5054;0;946;787;-2;2;924
17;926;5054;0;898;787;43;3;925
17;927;5952;0;48;787;-1;3;925
17;928;5054;787;946;787;-2;2;924
17;929;5054;787;898;787;44;3;928
17;930;5952;787;48;787;-1;3;928
17;931;5054;1574;946;787;-2;2;924
17;932;5054;1574;908;787;45;3;931
17;933;5962;1574;38;787;-1;3;931
17;934;5054;2361;946;849;-2;2;924
17;935;5054;2361;908;849;-2;3;934
17;936;5054;2361;908;787;46;4;935
17;937;5054;3148;908;62;-1;4;935
17;938;5962;2361;38;849;-1;3;934
18;939;0;0;6000;3210;-2;0;
18;940;0;0;908;3210;-2;1;939
18;941;0;0;908;787;47;2;940
18;942;0;787;908;787;48;2;940
18;943;0;1574;908;787;49;2;940
18;944;0;2361;908;787;50;2;940
18;945;0;3148;908;62;-1;2;940
18;946;908;0;812;3210;-2;1;939
18;947;908;0;812;908;-2;2;946
18;948;908;0;787;908;51;3;947
18;949;1695;0;25;908;-1;3;947
18;950;908;908;812;390;-2;2;946
18;951;908;908;112;390;-1;3;950
18;952;1020;908;700;390;80;3;950
18;953;908;1298;812;1912;-2;2;946
18;954;908;1298;693;1912;-2;3;953
18;955;908;1298;693;1792;260;4;954
18;956;908;3090;693;120;-1;4;954
18;957;1601;1298;119;1912;-1;3;953
18;958;1720;0;906;3210;-2;1;939
18;959;1720;0;906;670;-2;2;958
18;960;1720;0;459;670;81;3;959
18;961;2179;0;403;670;-2;3;959
18;962;2179;0;403;499;170;4;961
18;963;2179;499;403;171;-1;4;961
18;964;2582;0;44;670;-1;3;959
18;965;1720;670;906;2426;82;2;958
18;966;1720;3096;906;114;-1;2;958
18;967;2626;0;862;3210;-2;1;939
18;968;2626;0;862;787;52;2;967
18;969;2626;787;862;787;53;2;967
18;970;2626;1574;862;787;54;2;967
18;971;2626;2361;862;787;55;2;967
18;972;2626;3148;862;62;-1;2;967
18;973;3488;0;948;3210;-2;1;939
18;974;3488;0;948;2023;-2;2;973
18;975;3488;0;25;2023;-1;3;974
18;976;3513;0;435;2023;83;3;974
18;977;3948;0;435;2023;84;3;974
18;978;4383;0;53;2023;-1;3;974
18;979;3488;2023;948;787;-2;2;973
18;980;3488;2023;862;787;56;3;979
18;981;4350;2023;86;787;-1;3;979
18;982;3488;2810;948;342;85;2;973
18;983;3488;3152;948;58;-1;2;973
18;984;4436;0;613;3210;-2;1;939
18;985;4436;0;613;1224;111;2;984
18;986;4436;1224;613;1986;-2;2;984
18;987;4436;1224;537;1986;-2;3;986
18;988;4436;1224;537;1741;112;4;987
18;989;4436;2965;537;245;-1;4;987
18;990;4973;1224;76;1986;-1;3;986
18;991;5049;0;879;3210;-2;1;939
18;992;5049;0;879;1741;-2;2;991
18;993;5049;0;537;1741;113;3;992
18;994;5586;0;342;1741;-2;3;992
18;995;5586;0;342;1506;86;4;994
18;996;5586;1506;342;235;-1;4;994
18;997;5049;1741;879;1469;-2;2;991
18;998;5049;1741;356;1469;-2;3;997
18;999;5049;1741;356;1310;114;4;998
18;1000;5049;3051;356;159;-1;4;998
18;1001;5405;1741;356;1469;-2;3;997
18;1002;5405;1741;356;1310;115;4;1001
18;1003;5405;3051;356;159;-1;4;1001
18;1004;5761;1741;167;1469;-1;3;997
18;1005;5928;0;72;3210;-1;1;939
19;1006;0;0;6000;3210;-2;0;
19;1007;0;0;686;3210;-2;1;1006
19;1008;0;0;686;1066;-2;2;1007
19;1009;0;0;540;1066;-2;3;1008
19;1010;0;0;540;395;171;4;1009
19;1011;0;395;540;671;-1;4;1009
19;1012;540;0;146;1066;-1;3;1008
19;1013;0;1066;686;787;-2;2;1007
19;1014;0;1066;582;787;57;3;1013
19;1015;582;1066;104;787;-1;3;1013
19;1016;0;1853;686;1357;-2;2;1007
19;1017;0;1853;343;1357;-2;3;1016
19;1018;0;1853;343;1054;172;4;1017
19;1019;0;2907;343;303;-1;4;1017
19;1020;343;1853;343;1357;-2;3;1016
19;1021;343;1853;343;1054;173;4;1020
19;1022;343;2907;343;303;-1;4;1020
19;1023;686;0;5314;3210;-3;1;1006
