PLATE_ID;NODE_ID;X;Y;WIDTH;HEIGHT;TYPE;CUT;PARENT
0;0;0;0;6000;3210;-2;0;
0;1;0;0;1140;3210;-2;1;0
0;2;0;0;1140;829;253;2;1
0;3;0;829;1140;1391;-2;2;1
0;4;0;829;360;1391;46;3;3
0;5;360;829;360;1391;47;3;3
0;6;720;829;360;1391;48;3;3
0;7;1080;829;60;1391;-1;3;3
0;8;0;2220;1140;990;-2;2;1
0;9;0;2220;380;990;-2;3;8
0;10;0;2220;380;951;92;4;9
0;11;0;3171;380;39;-1;4;9
0;12;380;2220;380;990;-2;3;8
0;13;380;2220;380;951;93;4;12
0;14;380;3171;380;39;-1;4;12
0;15;760;2220;380;990;-2;3;8
0;16;760;2220;380;951;94;4;15
0;17;760;3171;380;39;-1;4;15
0;18;1140;0;449;3210;-2;1;0
0;19;1140;0;449;110;-1;2;18
0;20;1140;110;449;1953;-2;2;18
0;21;1140;110;429;1953;115;3;20
0;22;1569;110;20;1953;-1;3;20
0;23;1140;2063;449;1103;23;2;18
0;24;1140;3166;449;44;-1;2;18
0;25;1589;0;1736;3210;-2;1;0
0;26;1589;0;1736;1953;-2;2;25
0;27;1589;0;429;1953;116;3;26
0;28;2018;0;429;1953;117;3;26
0;29;2447;0;429;1953;118;3;26
0;30;2876;0;429;1953;119;3;26
0;31;3305;0;20;1953;-1;3;26
0;32;1589;1953;1736;1257;-2;2;25
0;33;1589;1953;311;1257;-2;3;32
0;34;1589;1953;311;1188;184;4;33
0;35;1589;3141;311;69;-1;4;33
0;36;1900;1953;701;1257;-2;3;32
0;37;1900;1953;701;1195;254;4;36
0;38;1900;3148;701;62;-1;4;36
0;39;2601;1953;311;1257;-2;3;32
0;40;2601;1953;311;1188;185;4;39
0;41;2601;3141;311;69;-1;4;39
0;42;2912;1953;413;1257;-2;3;32
0;43;2912;1953;413;1218;255;4;42
0;44;2912;3171;413;39;-1;4;42
0;45;3325;0;1168;3210;-2;1;0
0;46;3325;0;1168;951;-2;2;45
0;47;3325;0;380;951;95;3;46
0;48;3705;0;380;951;96;3;46
0;49;4085;0;380;951;97;3;46
0;50;4465;0;28;951;-1;3;46
0;51;3325;951;1168;577;-2;2;45
0;52;3325;951;1099;577;230;3;51
0;53;4424;951;69;577;-1;3;51
0;54;3325;1528;1168;513;-2;2;45
0;55;3325;1528;1148;513;120;3;54
0;56;4473;1528;20;513;-1;3;54
0;57;3325;2041;1168;303;-2;2;45
0;58;3325;2041;1131;303;186;3;57
0;59;4456;2041;37;303;-1;3;57
0;60;3325;2344;1168;593;-2;2;45
0;61;3325;2344;1128;593;69;3;60
0;62;4453;2344;40;593;-1;3;60
0;63;3325;2937;1168;273;-2;2;45
0;64;3325;2937;1051;273;-2;3;63
0;65;3325;2937;1051;251;70;4;64
0;66;3325;3188;1051;22;-1;4;64
0;67;4376;2937;117;273;-1;3;63
0;68;4493;0;1507;3210;-2;1;0
0;69;4493;0;1507;938;-2;2;68
0;70;4493;0;493;938;121;3;69
0;71;4986;0;493;938;122;3;69
0;72;5479;0;493;938;123;3;69
0;73;5972;0;28;938;-1;3;69
0;74;4493;938;1507;771;-2;2;68
0;75;4493;938;1486;771;98;3;74
0;76;5979;938;21;771;-1;3;74
0;77;4493;1709;1507;938;-2;2;68
0;78;4493;1709;493;938;124;3;77
0;79;4986;1709;493;938;125;3;77
0;80;5479;1709;493;938;126;3;77
0;81;5972;1709;28;938;-1;3;77
0;82;4493;2647;1507;563;-2;2;68
0;83;4493;2647;808;563;-2;3;82
0;84;4493;2647;808;484;161;4;83
0;85;4493;3131;808;79;-1;4;83
0;86;5301;2647;593;563;-2;3;82
0;87;5301;2647;593;468;99;4;86
0;88;5301;3115;593;95;-1;4;86
0;89;5894;2647;106;563;-1;3;82
1;90;0;0;6000;3210;-2;0;
1;91;0;0;1298;3210;-2;1;90
1;92;0;0;1298;1158;-2;2;91
1;93;0;0;649;1158;100;3;92
1;94;649;0;649;1158;101;3;92
1;95;0;1158;1298;413;-2;2;91
1;96;0;1158;1218;413;256;3;95
1;97;1218;1158;80;413;-1;3;95
1;98;0;1571;1298;788;-2;2;91
1;99;0;1571;903;788;162;3;98
1;100;903;1571;350;788;-2;3;98
1;101;903;1571;350;746;0;4;100
1;102;903;2317;350;42;-1;4;100
1;103;1253;1571;45;788;-1;3;98
1;104;0;2359;1298;851;-2;2;91
1;105;0;2359;191;851;-2;3;104
1;106;0;2359;191;721;49;4;105
1;107;0;3080;191;130;-1;4;105
1;108;191;2359;53;851;-1;3;104
1;109;244;2359;1001;851;-2;3;104
1;110;244;2359;1001;758;24;4;109
1;111;244;3117;1001;93;-1;4;109
1;112;1245;2359;53;851;-1;3;104
1;113;1298;0;1353;3210;-2;1;90
1;114;1298;0;1353;1754;-2;2;113
1;115;1298;0;451;1754;207;3;114
1;116;1749;0;451;1754;208;3;114
1;117;2200;0;451;1754;209;3;114
1;118;1298;1754;1353;938;-2;2;113
1;119;1298;1754;810;938;-2;3;118
1;120;1298;1754;810;92;-2;4;119
1;121;1298;1846;810;846;25;4;119
1;122;2108;1754;493;938;127;3;118
1;123;2601;1754;50;938;-1;3;118
1;124;1298;2692;1353;518;-2;2;113
1;125;1298;2692;388;518;-2;3;124
1;126;1298;2692;388;498;26;4;125
1;127;1298;3190;388;20;-1;4;125
1;128;1686;2692;938;518;-2;3;124
1;129;1686;2692;938;493;128;4;128
1;130;1686;3185;938;25;-1;4;128
1;131;2624;2692;27;518;-1;3;124
1;132;2651;0;1800;3210;-2;1;90
1;133;2651;0;1800;1606;-2;2;132
1;134;2651;0;360;1606;50;3;133
1;135;3011;0;360;1606;51;3;133
1;136;3371;0;360;1606;52;3;133
1;137;3731;0;360;1606;53;3;133
1;138;4091;0;360;1606;54;3;133
1;139;2651;1606;1800;590;-2;2;132
1;140;2651;1606;881;590;71;3;139
1;141;3532;1606;881;590;72;3;139
1;142;4413;1606;38;590;-1;3;139
1;143;2651;2196;1800;1014;-2;2;132
1;144;2651;2196;493;1014;-2;3;143
1;145;2651;2196;493;938;129;4;144
1;146;2651;3134;493;76;-1;4;144
1;147;3144;2196;295;1014;-2;3;143
1;148;3144;2196;295;831;1;4;147
1;149;3144;3027;295;183;-1;4;147
1;150;3439;2196;295;1014;-2;3;143
1;151;3439;2196;295;831;2;4;150
1;152;3439;3027;295;183;-1;4;150
1;153;3734;2196;679;1014;-2;3;143
1;154;3734;2196;679;974;3;4;153
1;155;3734;3170;679;40;-1;4;153
1;156;4413;2196;38;1014;-1;3;143
1;157;4451;0;1549;3210;-2;1;90
1;158;4451;0;1549;519;-2;2;157
1;159;4451;0;1522;519;257;3;158
1;160;5973;0;27;519;-1;3;158
1;161;4451;519;1549;1168;-2;2;157
1;162;4451;519;366;1168;4;3;161
1;163;4817;519;366;1168;5;3;161
1;164;5183;519;366;1168;6;3;161
1;165;5549;519;366;1168;7;3;161
1;166;5915;519;85;1168;-1;3;161
1;167;4451;1687;1549;1523;-2;2;157
1;168;4451;1687;413;1523;-2;3;167
1;169;4451;1687;413;1476;163;4;168
1;170;4451;3163;413;47;-1;4;168
1;171;4864;1687;413;1523;-2;3;167
1;172;4864;1687;413;1476;164;4;171
1;173;4864;3163;413;47;-1;4;171
1;174;5277;1687;363;1523;-2;3;167
1;175;5277;1687;363;1486;165;4;174
1;176;5277;3173;363;37;-1;4;174
1;177;5640;1687;340;1523;-2;3;167
1;178;5640;1687;340;1406;138;4;177
1;179;5640;3093;340;117;-1;4;177
1;180;5980;1687;20;1523;-1;3;167
2;181;0;0;6000;3210;-2;0;
2;182;0;0;1426;3210;-2;1;181
2;183;0;0;1426;1168;-2;2;182
2;184;0;0;366;1168;8;3;183
2;185;366;0;366;1168;9;3;183
2;186;732;0;366;1168;10;3;183
2;187;1098;0;303;1168;-2;3;183
2;188;1098;0;303;1131;187;4;187
2;189;1098;1131;303;37;-1;4;187
2;190;1401;0;25;1168;-1;3;183
2;191;0;1168;1426;340;-2;2;182
2;192;0;1168;1406;340;139;3;191
2;193;1406;1168;20;340;-1;3;191
2;194;0;1508;1426;659;-2;2;182
2;195;0;1508;1368;659;102;3;194
2;196;1368;1508;58;659;-1;3;194
2;197;0;2167;1426;659;-2;2;182
2;198;0;2167;1368;659;103;3;197
2;199;1368;2167;58;659;-1;3;197
2;200;0;2826;1426;384;-2;2;182
2;201;0;2826;648;384;-2;3;200
2;202;0;2826;648;359;140;4;201
2;203;0;3185;648;25;-1;4;201
2;204;648;2826;648;384;-2;3;200
2;205;648;2826;648;359;141;4;204
2;206;648;3185;648;25;-1;4;204
2;207;1296;2826;130;384;-1;3;200
2;208;1426;0;1105;3210;-2;1;181
2;209;1426;0;1105;1635;-2;2;208
2;210;1426;0;23;1635;-1;3;209
2;211;1449;0;541;1635;142;3;209
2;212;1990;0;541;1635;143;3;209
2;213;1426;1635;1105;1575;-2;2;208
2;214;1426;1635;363;1575;-2;3;213
2;215;1426;1635;363;1486;166;4;214
2;216;1426;3121;363;89;-1;4;214
2;217;1789;1635;360;1575;-2;3;213
2;218;1789;1635;360;1481;167;4;217
2;219;1789;3116;360;94;-1;4;217
2;220;2149;1635;360;1575;-2;3;213
2;221;2149;1635;360;1481;168;4;220
2;222;2149;3116;360;94;-1;4;220
2;223;2509;1635;22;1575;-1;3;213
2;224;2531;0;539;3210;-2;1;181
2;225;2531;0;539;1351;188;2;224
2;226;2531;1351;539;20;-1;2;224
2;227;2531;1371;539;1263;189;2;224
2;228;2531;2634;539;576;-2;2;224
2;229;2531;2634;248;576;11;3;228
2;230;2779;2634;248;576;12;3;228
2;231;3027;2634;43;576;-1;3;228
2;232;3070;0;360;3210;-2;1;181
2;233;3070;0;360;1606;55;2;232
2;234;3070;1606;360;1476;169;2;232
2;235;3070;3082;360;128;-1;2;232
2;236;3430;0;1512;3210;-2;1;181
2;237;3430;0;1512;1564;-2;2;236
2;238;3430;0;756;1564;104;3;237
2;239;4186;0;756;1564;105;3;237
2;240;3430;1564;1512;1254;-2;2;236
2;241;3430;1564;563;1254;106;3;240
2;242;3993;1564;451;1254;-2;3;240
2;243;3993;1564;451;1198;210;4;242
2;244;3993;2762;451;56;-1;4;242
2;245;4444;1564;451;1254;-2;3;240
2;246;4444;1564;451;1198;211;4;245
2;247;4444;2762;451;56;-1;4;245
2;248;4895;1564;47;1254;-1;3;240
2;249;3430;2818;1512;392;-2;2;236
2;250;3430;2818;1476;392;-2;3;249
2;251;3430;2818;1476;360;170;4;250
2;252;3430;3178;1476;32;-1;4;250
2;253;4906;2818;36;392;-1;3;249
2;254;4942;0;519;3210;-2;1;181
2;255;4942;0;519;1522;258;2;254
2;256;4942;1522;519;1688;-2;2;254
2;257;4942;1522;447;1688;-2;3;256
2;258;4942;1522;447;1639;107;4;257
2;259;4942;3161;447;49;-1;4;257
2;260;5389;1522;72;1688;-1;3;256
2;261;5461;0;539;3210;-2;1;181
2;262;5461;0;539;1263;190;2;261
2;263;5461;1263;539;458;-2;2;261
2;264;5461;1263;518;458;27;3;263
2;265;5979;1263;21;458;-1;3;263
2;266;5461;1721;539;938;-2;2;261
2;267;5461;1721;504;938;130;3;266
2;268;5965;1721;35;938;-1;3;266
2;269;5461;2659;539;551;-2;2;261
2;270;5461;2659;218;551;-2;3;269
2;271;5461;2659;218;488;191;4;270
2;272;5461;3147;218;63;-1;4;270
2;273;5679;2659;284;551;-2;3;269
2;274;5679;2659;284;449;13;4;273
2;275;5679;3108;284;102;-1;4;273
2;276;5963;2659;37;551;-1;3;269
3;277;0;0;6000;3210;-2;0;
3;278;0;0;922;3210;-2;1;277
3;279;0;0;922;1953;-2;2;278
3;280;0;0;461;1953;144;3;279
3;281;461;0;461;1953;145;3;279
3;282;0;1953;922;1257;-2;2;278
3;283;0;1953;451;1257;-2;3;282
3;284;0;1953;451;1198;212;4;283
3;285;0;3151;451;59;-1;4;283
3;286;451;1953;451;1257;-2;3;282
3;287;451;1953;451;1198;213;4;286
3;288;451;3151;451;59;-1;4;286
3;289;902;1953;20;1257;-1;3;282
3;290;922;0;3468;3210;-2;1;277
3;291;922;0;3468;1953;-2;2;290
3;292;922;0;429;1953;146;3;291
3;293;1351;0;429;1953;147;3;291
3;294;1780;0;429;1953;148;3;291
3;295;2209;0;429;1953;149;3;291
3;296;2638;0;429;1953;150;3;291
3;297;3067;0;429;1953;151;3;291
3;298;3496;0;429;1953;152;3;291
3;299;3925;0;429;1953;153;3;291
3;300;4354;0;36;1953;-1;3;291
3;301;922;1953;3468;774;-2;2;290
3;302;922;1953;1802;774;28;3;301
3;303;2724;1953;1666;774;29;3;301
3;304;922;2727;3468;483;-2;2;290
3;305;922;2727;1639;483;-2;3;304
3;306;922;2727;1639;447;108;4;305
3;307;922;3174;1639;36;-1;4;305
3;308;2561;2727;1794;483;-2;3;304
3;309;2561;2727;1794;400;30;4;308
3;310;2561;3127;1794;83;-1;4;308
3;311;4355;2727;35;483;-1;3;304
3;312;4390;0;810;3210;-2;1;277
3;313;4390;0;810;1116;73;2;312
3;314;4390;1116;810;1116;74;2;312
3;315;4390;2232;810;346;-2;2;312
3;316;4390;2232;786;346;14;3;315
3;317;5176;2232;24;346;-1;3;315
3;318;4390;2578;810;632;-2;2;312
3;319;4390;2578;208;632;-2;3;318
3;320;4390;2578;208;593;192;4;319
3;321;4390;3171;208;39;-1;4;319
3;322;4598;2578;577;632;-2;3;318
3;323;4598;2578;577;589;259;4;322
3;324;4598;3167;577;43;-1;4;322
3;325;5175;2578;25;632;-1;3;318
3;326;5200;0;400;3210;-2;1;277
3;327;5200;0;400;1794;31;2;326
3;328;5200;1794;400;1416;-2;2;326
3;329;5200;1794;360;1416;-2;3;328
3;330;5200;1794;360;1351;56;4;329
3;331;5200;3145;360;65;-1;4;329
3;332;5560;1794;40;1416;-1;3;328
3;333;5600;0;400;3210;-2;1;277
3;334;5600;0;400;1794;32;2;333
3;335;5600;1794;400;654;-2;2;333
3;336;5600;1794;368;654;193;3;335
3;337;5968;1794;32;654;-1;3;335
3;338;5600;2448;400;762;-2;2;333
3;339;5600;2448;368;762;-2;3;338
3;340;5600;2448;368;654;194;4;339
3;341;5600;3102;368;108;-1;4;339
3;342;5968;2448;32;762;-1;3;338
4;343;0;0;6000;3210;-2;0;
4;344;0;0;662;3210;-2;1;343
4;345;0;0;662;1794;-2;2;344
4;346;0;0;400;1794;33;3;345
4;347;400;0;262;1794;-2;3;345
4;348;400;0;262;1763;214;4;347
4;349;400;1763;262;31;-1;4;347
4;350;0;1794;662;1416;-2;2;344
4;351;0;1794;360;1416;-2;3;350
4;352;0;1794;360;1351;57;4;351
4;353;0;3145;360;65;-1;4;351
4;354;360;1794;271;1416;-2;3;350
4;355;360;1794;271;1061;75;4;354
4;356;360;2855;271;355;-1;4;354
4;357;631;1794;31;1416;-1;3;350
4;358;662;0;3023;3210;-2;1;343
4;359;662;0;3023;1953;-2;2;358
4;360;662;0;429;1953;154;3;359
4;361;1091;0;20;1953;-1;3;359
4;362;1111;0;429;1953;155;3;359
4;363;1540;0;429;1953;156;3;359
4;364;1969;0;429;1953;157;3;359
4;365;2398;0;429;1953;158;3;359
4;366;2827;0;429;1953;159;3;359
4;367;3256;0;429;1953;160;3;359
4;368;662;1953;3023;363;-2;2;358
4;369;662;1953;1471;363;171;3;368
4;370;2133;1953;1471;363;172;3;368
4;371;3604;1953;81;363;-1;3;368
4;372;662;2316;3023;606;-2;2;358
4;373;662;2316;1121;606;58;3;372
4;374;1783;2316;1099;606;-2;3;372
4;375;1783;2316;1099;577;231;4;374
4;376;1783;2893;1099;29;-1;4;374
4;377;2882;2316;589;606;-2;3;372
4;378;2882;2316;589;577;260;4;377
4;379;2882;2893;589;29;-1;4;377
4;380;3471;2316;214;606;-1;3;372
4;381;662;2922;3023;288;-2;2;358
4;382;662;2922;1763;288;-2;3;381
4;383;662;2922;1763;262;215;4;382
4;384;662;3184;1763;26;-1;4;382
4;385;2425;2922;1051;288;-2;3;381
4;386;2425;2922;1051;261;76;4;385
4;387;2425;3183;1051;27;-1;4;385
4;388;3476;2922;209;288;-1;3;381
4;389;3685;0;321;3210;-2;1;343
4;390;3685;0;321;1508;195;2;389
4;391;3685;1508;321;1508;196;2;389
4;392;3685;3016;321;194;-1;2;389
4;393;4006;0;311;3210;-2;1;343
4;394;4006;0;311;1508;197;2;393
4;395;4006;1508;311;1508;198;2;393
4;396;4006;3016;311;194;-1;2;393
4;397;4317;0;904;3210;-2;1;343
4;398;4317;0;904;1464;-2;2;397
4;399;4317;0;452;1464;59;3;398
4;400;4769;0;452;1464;60;3;398
4;401;4317;1464;904;1464;-2;2;397
4;402;4317;1464;452;1464;61;3;401
4;403;4769;1464;452;1464;62;3;401
4;404;4317;2928;904;282;-2;2;397
4;405;4317;2928;721;282;-2;3;404
4;406;4317;2928;721;191;63;4;405
4;407;4317;3119;721;91;-1;4;405
4;408;5038;2928;183;282;-1;3;404
4;409;5221;0;378;3210;-2;1;343
4;410;5221;0;378;1719;216;2;409
4;411;5221;1719;378;1491;-2;2;409
4;412;5221;1719;351;1491;-2;3;411
4;413;5221;1719;351;1453;199;4;412
4;414;5221;3172;351;38;-1;4;412
4;415;5572;1719;27;1491;-1;3;411
4;416;5599;0;401;3210;-2;1;343
4;417;5599;0;401;1640;64;2;416
4;418;5599;1640;401;1570;-2;2;416
4;419;5599;1640;358;1570;-2;3;418
4;420;5599;1640;358;1481;173;4;419
4;421;5599;3121;358;89;-1;4;419
4;422;5957;1640;43;1570;-1;3;418
5;423;0;0;6000;3210;-2;0;
5;424;0;0;401;3210;-2;1;423
5;425;0;0;401;1640;65;2;424
5;426;0;1640;401;1570;-2;2;424
5;427;0;1640;358;1570;-2;3;426
5;428;0;1640;358;1481;174;4;427
5;429;0;3121;358;89;-1;4;427
5;430;358;1640;43;1570;-1;3;426
5;431;401;0;720;3210;-2;1;423
5;432;401;0;720;1261;-2;2;431
5;433;401;0;360;1261;77;3;432
5;434;761;0;360;1261;78;3;432
5;435;401;1261;720;447;-2;2;431
5;436;401;1261;589;447;232;3;435
5;437;990;1261;131;447;-1;3;435
5;438;401;1708;720;1502;-2;2;431
5;439;401;1708;350;1502;-2;3;438
5;440;401;1708;350;1476;175;4;439
5;441;401;3184;350;26;-1;4;439
5;442;751;1708;350;1502;-2;3;438
5;443;751;1708;350;1476;176;4;442
5;444;751;3184;350;26;-1;4;442
5;445;1101;1708;20;1502;-1;3;438
5;446;1121;0;479;3210;-2;1;423
5;447;1121;0;479;589;-2;2;446
5;448;1121;0;447;589;233;3;447
5;449;1568;0;32;589;-1;3;447
5;450;1121;589;479;364;-2;2;446
5;451;1121;589;95;364;-1;3;450
5;452;1216;589;364;364;34;3;450
5;453;1580;589;20;364;-1;3;450
5;454;1121;953;479;1099;-2;2;446
5;455;1121;953;447;1099;234;3;454
5;456;1568;953;32;1099;-1;3;454
5;457;1121;2052;479;1158;-2;2;446
5;458;1121;2052;447;1158;-2;3;457
5;459;1121;2052;447;1099;235;4;458
5;460;1121;3151;447;59;-1;4;458
5;461;1568;2052;32;1158;-1;3;457
5;462;1600;0;378;3210;-2;1;423
5;463;1600;0;378;1719;217;2;462
5;464;1600;1719;378;1491;-2;2;462
5;465;1600;1719;345;1491;-2;3;464
5;466;1600;1719;345;1401;177;4;465
5;467;1600;3120;345;90;-1;4;465
5;468;1945;1719;33;1491;-1;3;464
5;469;1978;0;432;3210;-2;1;423
5;470;1978;0;432;1204;236;2;469
5;471;1978;1204;432;20;-1;2;469
5;472;1978;1224;432;364;-2;2;469
5;473;1978;1224;364;364;35;3;472
5;474;2342;1224;68;364;-1;3;472
5;475;1978;1588;432;1204;237;2;469
5;476;1978;2792;432;418;-2;2;469
5;477;1978;2792;364;418;-2;3;476
5;478;1978;2792;364;364;36;4;477
5;479;1978;3156;364;54;-1;4;477
5;480;2342;2792;68;418;-1;3;476
5;481;2410;0;464;3210;-2;1;423
5;482;2410;0;464;1527;238;2;481
5;483;2410;1527;464;1527;239;2;481
5;484;2410;3054;464;156;-1;2;481
5;485;2874;0;388;3210;-2;1;423
5;486;2874;0;388;1784;37;2;485
5;487;2874;1784;388;1426;-2;2;485
5;488;2874;1784;345;1426;-2;3;487
5;489;2874;1784;345;1401;178;4;488
5;490;2874;3185;345;25;-1;4;488
5;491;3219;1784;43;1426;-1;3;487
5;492;3262;0;388;3210;-2;1;423
5;493;3262;0;388;1784;38;2;492
5;494;3262;1784;388;1426;-2;2;492
5;495;3262;1784;345;1426;-2;3;494
5;496;3262;1784;345;1401;179;4;495
5;497;3262;3185;345;25;-1;4;495
5;498;3607;1784;43;1426;-1;3;494
5;499;3650;0;878;3210;-2;1;423
5;500;3650;0;878;1624;-2;2;499
5;501;3650;0;425;1624;39;3;500
5;502;4075;0;425;1624;40;3;500
5;503;4500;0;28;1624;-1;3;500
5;504;3650;1624;878;1586;-2;2;499
5;505;3650;1624;439;1586;-2;3;504
5;506;3650;1624;439;1527;240;4;505
5;507;3650;3151;439;59;-1;4;505
5;508;4089;1624;439;1586;-2;3;504
5;509;4089;1624;439;1527;241;4;508
5;510;4089;3151;439;59;-1;4;508
5;511;4528;0;400;3210;-2;1;423
5;512;4528;0;400;1654;41;2;511
5;513;4528;1654;400;1556;-2;2;511
5;514;4528;1654;351;1556;-2;3;513
5;515;4528;1654;351;1453;200;4;514
5;516;4528;3107;351;103;-1;4;514
5;517;4879;1654;49;1556;-1;3;513
5;518;4928;0;1043;3210;-2;1;423
5;519;4928;0;1043;1448;-2;2;518
5;520;4928;0;349;1448;201;3;519
5;521;5277;0;349;1448;202;3;519
5;522;5626;0;345;1448;-2;3;519
5;523;5626;0;345;1401;180;4;522
5;524;5626;1401;345;47;-1;4;522
5;525;4928;1448;1043;504;-2;2;518
5;526;4928;1448;938;504;131;3;525
5;527;5866;1448;105;504;-1;3;525
5;528;4928;1952;1043;1258;-2;2;518
5;529;4928;1952;361;1258;-2;3;528
5;530;4928;1952;361;1238;109;4;529
5;531;4928;3190;361;20;-1;4;529
5;532;5289;1952;361;1258;-2;3;528
5;533;5289;1952;361;1238;110;4;532
5;534;5289;3190;361;20;-1;4;532
5;535;5650;1952;281;1258;-2;3;528
5;536;5650;1952;281;1229;242;4;535
5;537;5650;3181;281;29;-1;4;535
5;538;5931;1952;40;1258;-1;3;528
5;539;5971;0;29;3210;-1;1;423
6;540;0;0;6000;3210;-2;0;
6;541;0;0;951;3210;-2;1;540
6;542;0;0;951;1642;-2;2;541
6;543;0;0;464;1642;243;3;542
6;544;464;0;464;1642;244;3;542
6;545;928;0;23;1642;-1;3;542
6;546;0;1642;951;380;132;2;541
6;547;0;2022;951;1188;-2;2;541
6;548;0;2022;50;1188;-1;3;547
6;549;50;2022;510;1188;-2;3;547
6;550;50;2022;510;1141;66;4;549
6;551;50;3163;510;47;-1;4;549
6;552;560;2022;366;1188;-2;3;547
6;553;560;2022;366;1168;15;4;552
6;554;560;3190;366;20;-1;4;552
6;555;926;2022;25;1188;-1;3;547
6;556;951;0;938;3210;-2;1;540
6;557;951;0;938;1719;-2;2;556
6;558;951;0;456;1719;218;3;557
6;559;1407;0;456;1719;219;3;557
6;560;1863;0;26;1719;-1;3;557
6;561;951;1719;938;504;133;2;556
6;562;951;2223;938;504;134;2;556
6;563;951;2727;938;483;-2;2;556
6;564;951;2727;918;483;-2;3;563
6;565;951;2727;918;436;79;4;564
6;566;951;3163;918;47;-1;4;564
6;567;1869;2727;20;483;-1;3;563
6;568;1889;0;459;3210;-2;1;540
6;569;1889;0;459;1738;-2;2;568
6;570;1889;0;401;1738;220;3;569
6;571;2290;0;58;1738;-1;3;569
6;572;1889;1738;459;918;-2;2;568
6;573;1889;1738;436;918;80;3;572
6;574;2325;1738;23;918;-1;3;572
6;575;1889;2656;459;554;-2;2;568
6;576;1889;2656;439;554;-2;3;575
6;577;1889;2656;439;462;245;4;576
6;578;1889;3118;439;92;-1;4;576
6;579;2328;2656;20;554;-1;3;575
6;580;2348;0;459;3210;-2;1;540
6;581;2348;0;459;1738;-2;2;580
6;582;2348;0;401;1738;221;3;581
6;583;2749;0;58;1738;-1;3;581
6;584;2348;1738;459;918;-2;2;580
6;585;2348;1738;436;918;81;3;584
6;586;2784;1738;23;918;-1;3;584
6;587;2348;2656;459;554;-2;2;580
6;588;2348;2656;439;554;-2;3;587
6;589;2348;2656;439;462;246;4;588
6;590;2348;3118;439;92;-1;4;588
6;591;2787;2656;20;554;-1;3;587
6;592;2807;0;979;3210;-2;1;540
6;593;2807;0;979;1669;-2;2;592
6;594;2807;0;466;1669;16;3;593
6;595;3273;0;466;1669;17;3;593
6;596;3739;0;47;1669;-1;3;593
6;597;2807;1669;979;1541;-2;2;592
6;598;2807;1669;320;1541;-2;3;597
6;599;2807;1669;320;1476;222;4;598
6;600;2807;3145;320;65;-1;4;598
6;601;3127;1669;339;1541;-2;3;597
6;602;3127;1669;339;1458;203;4;601
6;603;3127;3127;339;83;-1;4;601
6;604;3466;1669;320;1541;-2;3;597
6;605;3466;1669;320;1476;223;4;604
6;606;3466;3145;320;65;-1;4;604
6;607;3786;0;606;3210;-2;1;540
6;608;3786;0;606;1625;-2;2;607
6;609;3786;0;570;1625;18;3;608
6;610;4356;0;36;1625;-1;3;608
6;611;3786;1625;606;713;82;2;607
6;612;3786;2338;606;159;-1;2;607
6;613;3786;2497;606;713;83;2;607
6;614;4392;0;336;3210;-2;1;540
6;615;4392;0;336;1208;111;2;614
6;616;4392;1208;336;518;-2;2;614
6;617;4392;1208;198;518;84;3;616
6;618;4590;1208;138;518;-1;3;616
6;619;4392;1726;336;276;-1;2;614
6;620;4392;2002;336;1208;112;2;614
6;621;4728;0;462;3210;-2;1;540
6;622;4728;0;462;1586;247;2;621
6;623;4728;1586;462;1586;248;2;621
6;624;4728;3172;462;38;-1;2;621
6;625;5190;0;810;3210;-2;1;540
6;626;5190;0;810;847;-2;2;625
6;627;5190;0;789;847;181;3;626
6;628;5979;0;21;847;-1;3;626
6;629;5190;847;810;1654;-2;2;625
6;630;5190;847;400;1654;42;3;629
6;631;5590;847;339;1654;-2;3;629
6;632;5590;847;339;196;-1;4;631
6;633;5590;1043;339;1458;204;4;631
6;634;5929;847;71;1654;-1;3;629
6;635;5190;2501;810;709;-2;2;625
6;636;5190;2501;790;709;-2;3;635
6;637;5190;2501;790;678;135;4;636
6;638;5190;3179;790;31;-1;4;636
6;639;5980;2501;20;709;-1;3;635
7;640;0;0;6000;3210;-2;0;
7;641;0;0;882;3210;-2;1;640
7;642;0;0;882;1824;-2;2;641
7;643;0;0;347;1824;249;3;642
7;644;347;0;535;1824;-2;3;642
7;645;347;0;535;1798;224;4;644
7;646;347;1798;535;26;-1;4;644
7;647;0;1824;882;1386;-2;2;641
7;648;0;1824;838;1386;-2;3;647
7;649;0;1824;838;1328;85;4;648
7;650;0;3152;838;58;-1;4;648
7;651;838;1824;44;1386;-1;3;647
7;652;882;0;853;3210;-2;1;640
7;653;882;0;853;929;-2;2;652
7;654;882;0;400;929;-2;3;653
7;655;882;0;400;831;43;4;654
7;656;882;831;400;98;-1;4;654
7;657;1282;0;400;929;-2;3;653
7;658;1282;0;400;831;44;4;657
7;659;1282;831;400;98;-1;4;657
7;660;1682;0;53;929;-1;3;653
7;661;882;929;853;418;-2;2;652
7;662;882;929;773;418;19;3;661
7;663;1655;929;80;418;-1;3;661
7;664;882;1347;853;484;-2;2;652
7;665;882;1347;808;484;205;3;664
7;666;1690;1347;45;484;-1;3;664
7;667;882;1831;853;1379;-2;2;652
7;668;882;1831;833;1379;-2;3;667
7;669;882;1831;833;1318;86;4;668
7;670;882;3149;833;61;-1;4;668
7;671;1715;1831;20;1379;-1;3;667
7;672;1735;0;1926;3210;-2;1;640
7;673;1735;0;1926;1754;-2;2;672
7;674;1735;0;451;1754;250;3;673
7;675;2186;0;451;1754;251;3;673
7;676;2637;0;451;1754;252;3;673
7;677;3088;0;535;1754;225;3;673
7;678;3623;0;38;1754;-1;3;673
7;679;1735;1754;1926;361;-2;2;672
7;680;1735;1754;963;361;20;3;679
7;681;2698;1754;963;361;21;3;679
7;682;1735;2115;1926;535;-2;2;672
7;683;1735;2115;1754;535;226;3;682
7;684;3489;2115;172;535;-1;3;682
7;685;1735;2650;1926;560;-2;2;672
7;686;1735;2650;1141;560;-2;3;685
7;687;1735;2650;1141;510;67;4;686
7;688;1735;3160;1141;50;-1;4;686
7;689;2876;2650;763;560;-2;3;685
7;690;2876;2650;763;418;22;4;689
7;691;2876;3068;763;142;-1;4;689
7;692;3639;2650;22;560;-1;3;685
7;693;3661;0;693;3210;-2;1;640
7;694;3661;0;693;1078;87;2;693
7;695;3661;1078;693;1123;-2;2;693
7;696;3661;1078;673;1123;113;3;695
7;697;4334;1078;20;1123;-1;3;695
7;698;3661;2201;693;1009;-2;2;693
7;699;3661;2201;668;1009;-2;3;698
7;700;3661;2201;668;219;-2;4;699
7;701;3661;2420;668;790;136;4;699
7;702;4329;2201;25;1009;-1;3;698
7;703;4354;0;528;3210;-2;1;640
7;704;4354;0;528;823;88;2;703
7;705;4354;823;528;808;-2;2;703
7;706;4354;823;484;808;206;3;705
7;707;4838;823;44;808;-1;3;705
7;708;4354;1631;528;1170;-2;2;703
7;709;4354;1631;480;1170;89;3;708
7;710;4834;1631;48;1170;-1;3;708
7;711;4354;2801;528;228;90;2;703
7;712;4354;3029;528;181;-1;2;703
7;713;4882;0;1098;3210;-2;1;640
7;714;4882;0;1098;1759;-2;2;713
7;715;4882;0;549;1759;227;3;714
7;716;5431;0;549;1759;228;3;714
7;717;4882;1759;1098;1451;-2;2;713
7;718;4882;1759;340;1451;-2;3;717
7;719;4882;1759;340;1406;182;4;718
7;720;4882;3165;340;45;-1;4;718
7;721;5222;1759;360;1451;-2;3;717
7;722;5222;1759;360;1391;91;4;721
7;723;5222;3150;360;60;-1;4;721
7;724;5582;1759;340;1451;-2;3;717
7;725;5582;1759;340;1406;183;4;724
7;726;5582;3165;340;45;-1;4;724
7;727;5922;1759;58;1451;-1;3;717
7;728;5980;0;20;3210;-1;1;640
8;729;0;0;6000;3210;-2;0;
8;730;0;0;763;3210;-2;1;729
8;731;0;0;763;1123;-2;2;730
8;732;0;0;663;1123;114;3;731
8;733;663;0;100;1123;-1;3;731
8;734;0;1123;763;1103;-2;2;730
8;735;0;1123;449;1103;68;3;734
8;736;449;1123;314;1103;-2;3;734
8;737;449;1123;314;699;229;4;736
8;738;449;1822;314;404;-1;4;736
8;739;0;2226;763;984;-2;2;730
8;740;0;2226;380;984;-2;3;739
8;741;0;2226;380;951;137;4;740
8;742;0;3177;380;33;-1;4;740
8;743;380;2226;350;984;-2;3;739
8;744;380;2226;350;746;45;4;743
8;745;380;2972;350;238;-1;4;743
8;746;730;2226;33;984;-1;3;739
8;747;763;0;5237;3210;-3;1;729
