PLATE_ID;NODE_ID;X;Y;WIDTH;HEIGHT;TYPE;CUT;PARENT
0;0;0;0;6000;3210;-2;0;
0;1;0;0;762;3210;-2;1;0
0;2;0;0;762;1729;-2;2;1
0;3;0;0;640;1729;0;3;2
0;4;640;0;122;1729;-1;3;2
0;5;0;1729;762;1481;-2;2;1
0;6;0;1729;382;1481;-2;3;5
0;7;0;1729;382;1443;308;4;6
0;8;0;3172;382;38;-1;4;6
0;9;382;1729;380;1481;-2;3;5
0;10;382;1729;380;1374;168;4;9
0;11;382;3103;380;107;-1;4;9
0;12;762;0;1729;3210;-2;1;0
0;13;762;0;1729;638;1;2;12
0;14;762;638;1729;638;2;2;12
0;15;762;1276;1729;638;28;2;12
0;16;762;1914;1729;638;29;2;12
0;17;762;2552;1729;638;3;2;12
0;18;762;3190;1729;20;-1;2;12
0;19;2491;0;2364;3210;-2;1;0
0;20;2491;0;2364;2094;-2;2;19
0;21;2491;0;788;2094;56;3;20
0;22;3279;0;788;2094;57;3;20
0;23;4067;0;788;2094;58;3;20
0;24;2491;2094;2364;1116;-2;2;19
0;25;2491;2094;1108;1116;-2;3;24
0;26;2491;2094;1108;1092;84;4;25
0;27;2491;3186;1108;24;-1;4;25
0;28;3599;2094;1215;1116;-2;3;24
0;29;3599;2094;1215;1070;224;4;28
0;30;3599;3164;1215;46;-1;4;28
0;31;4814;2094;41;1116;-1;3;24
0;32;4855;0;1145;3210;-2;1;0
0;33;4855;0;1145;1090;-2;2;32
0;34;4855;0;1120;1090;85;3;33
0;35;5975;0;25;1090;-1;3;33
0;36;4855;1090;1145;858;-2;2;32
0;37;4855;1090;1110;858;280;3;36
0;38;5965;1090;35;858;-1;3;36
0;39;4855;1948;1145;1262;-2;2;32
0;40;4855;1948;1070;1262;-2;3;39
0;41;4855;1948;1070;1215;225;4;40
0;42;4855;3163;1070;47;-1;4;40
0;43;5925;1948;75;1262;-1;3;39
1;44;0;0;6000;3210;-2;0;
1;45;0;0;1729;3210;-2;1;44
1;46;0;0;1729;2036;-2;2;45
1;47;0;0;833;2036;86;3;46
1;48;833;0;833;2036;87;3;46
1;49;1666;0;63;2036;-1;3;46
1;50;0;2036;1729;638;4;2;45
1;51;0;2674;1729;536;-2;2;45
1;52;0;2674;1598;536;-2;3;51
1;53;0;2674;1598;447;309;4;52
1;54;0;3121;1598;89;-1;4;52
1;55;1598;2674;131;536;-1;3;51
1;56;1729;0;1276;3210;-2;1;44
1;57;1729;0;1276;1729;-2;2;56
1;58;1729;0;638;1729;5;3;57
1;59;2367;0;638;1729;6;3;57
1;60;1729;1729;1276;1481;-2;2;56
1;61;1729;1729;380;1481;-2;3;60
1;62;1729;1729;380;1374;140;4;61
1;63;1729;3103;380;107;-1;4;61
1;64;2109;1729;380;1481;-2;3;60
1;65;2109;1729;380;1374;141;4;64
1;66;2109;3103;380;107;-1;4;64
1;67;2489;1729;471;1481;-2;3;60
1;68;2489;1729;471;1360;196;4;67
1;69;2489;3089;471;121;-1;4;67
1;70;2960;1729;45;1481;-1;3;60
1;71;3005;0;1533;3210;-2;1;44
1;72;3005;0;1533;413;-2;2;71
1;73;3005;0;1509;413;-2;3;72
1;74;3005;0;1509;393;169;4;73
1;75;3005;393;1509;20;-1;4;73
1;76;4514;0;24;413;-1;3;72
1;77;3005;413;1533;393;-2;2;71
1;78;3005;413;1509;393;170;3;77
1;79;4514;413;24;393;-1;3;77
1;80;3005;806;1533;1360;-2;2;71
1;81;3005;806;471;1360;197;3;80
1;82;3476;806;471;1360;198;3;80
1;83;3947;806;471;1360;199;3;80
1;84;4418;806;120;1360;-1;3;80
1;85;3005;2166;1533;1044;-2;2;71
1;86;3005;2166;608;1044;-2;3;85
1;87;3005;2166;608;989;142;4;86
1;88;3005;3155;608;55;-1;4;86
1;89;3613;2166;471;1044;-2;3;85
1;90;3613;2166;471;860;200;4;89
1;91;3613;3026;471;184;-1;4;89
1;92;4084;2166;454;1044;-2;3;85
1;93;4084;2166;454;945;112;4;92
1;94;4084;3111;454;99;-1;4;92
1;95;4538;0;989;3210;-2;1;44
1;96;4538;0;989;474;-2;2;95
1;97;4538;0;945;474;-2;3;96
1;98;4538;0;945;454;113;4;97
1;99;4538;454;945;20;-1;4;97
1;100;5483;0;44;474;-1;3;96
1;101;4538;474;989;454;-2;2;95
1;102;4538;474;945;454;114;3;101
1;103;5483;474;44;454;-1;3;101
1;104;4538;928;989;608;143;2;95
1;105;4538;1536;989;608;144;2;95
1;106;4538;2144;989;520;-2;2;95
1;107;4538;2144;930;520;115;3;106
1;108;5468;2144;59;520;-1;3;106
1;109;4538;2664;989;546;-2;2;95
1;110;4538;2664;930;546;-2;3;109
1;111;4538;2664;930;520;116;4;110
1;112;4538;3184;930;26;-1;4;110
1;113;5468;2664;59;546;-1;3;109
1;114;5527;0;473;3210;-2;1;44
1;115;5527;0;473;1598;-2;2;114
1;116;5527;0;447;1598;310;3;115
1;117;5974;0;26;1598;-1;3;115
1;118;5527;1598;473;1612;-2;2;114
1;119;5527;1598;445;1612;-2;3;118
1;120;5527;1598;445;1519;171;4;119
1;121;5527;3117;445;93;-1;4;119
1;122;5972;1598;28;1612;-1;3;118
2;123;0;0;6000;3210;-2;0;
2;124;0;0;1729;3210;-2;1;123
2;125;0;0;1729;640;30;2;124
2;126;0;640;1729;640;31;2;124
2;127;0;1280;1729;640;7;2;124
2;128;0;1920;1729;1290;-2;2;124
2;129;0;1920;513;1290;-2;3;128
2;130;0;1920;513;1200;252;4;129
2;131;0;3120;513;90;-1;4;129
2;132;513;1920;64;1290;-1;3;128
2;133;577;1920;1090;1290;-2;3;128
2;134;577;1920;1090;1230;226;4;133
2;135;577;3150;1090;60;-1;4;133
2;136;1667;1920;62;1290;-1;3;128
2;137;1729;0;3458;3210;-2;1;123
2;138;1729;0;3458;640;-2;2;137
2;139;1729;0;1729;640;8;3;138
2;140;3458;0;1729;640;9;3;138
2;141;1729;640;3458;640;-2;2;137
2;142;1729;640;1729;640;10;3;141
2;143;3458;640;1729;640;11;3;141
2;144;1729;1280;3458;594;-2;2;137
2;145;1729;1280;1699;594;253;3;144
2;146;3428;1280;1699;594;254;3;144
2;147;5127;1280;60;594;-1;3;144
2;148;1729;1874;3458;640;-2;2;137
2;149;1729;1874;1729;640;12;3;148
2;150;3458;1874;1729;640;13;3;148
2;151;1729;2514;3458;696;-2;2;137
2;152;1729;2514;1729;696;-2;3;151
2;153;1729;2514;1729;640;32;4;152
2;154;1729;3154;1729;56;-1;4;152
2;155;3458;2514;1729;696;-2;3;151
2;156;3458;2514;1729;638;33;4;155
2;157;3458;3152;1729;58;-1;4;155
2;158;5187;0;813;3210;-2;1;123
2;159;5187;0;813;2019;227;2;158
2;160;5187;2019;813;1191;-2;2;158
2;161;5187;2019;770;1191;-2;3;160
2;162;5187;2019;770;1130;145;4;161
2;163;5187;3149;770;61;-1;4;161
2;164;5957;2019;43;1191;-1;3;160
3;165;0;0;6000;3210;-2;0;
3;166;0;0;2094;3210;-2;1;165
3;167;0;0;2094;788;59;2;166
3;168;0;788;2094;788;60;2;166
3;169;0;1576;2094;818;61;2;166
3;170;0;2394;2094;816;-2;2;166
3;171;0;2394;1963;816;-2;3;170
3;172;0;2394;1963;175;-2;4;171
3;173;0;2569;1963;641;255;4;171
3;174;1963;2394;131;816;-1;3;170
3;175;2094;0;2094;3210;-2;1;165
3;176;2094;0;2094;818;62;2;175
3;177;2094;818;2094;788;63;2;175
3;178;2094;1606;2094;788;64;2;175
3;179;2094;2394;2094;788;65;2;175
3;180;2094;3182;2094;28;-1;2;175
3;181;4188;0;1729;3210;-2;1;165
3;182;4188;0;1729;638;14;2;181
3;183;4188;638;1729;638;15;2;181
3;184;4188;1276;1729;638;16;2;181
3;185;4188;1914;1729;638;17;2;181
3;186;4188;2552;1729;638;34;2;181
3;187;4188;3190;1729;20;-1;2;181
3;188;5917;0;83;3210;-1;1;165
4;189;0;0;6000;3210;-2;0;
4;190;0;0;2177;3210;-2;1;189
4;191;0;0;2177;788;-2;2;190
4;192;0;0;2094;788;66;3;191
4;193;2094;0;83;788;-1;3;191
4;194;0;788;2177;788;-2;2;190
4;195;0;788;2094;788;67;3;194
4;196;2094;788;83;788;-1;3;194
4;197;0;1576;2177;998;18;2;190
4;198;0;2574;2177;636;-2;2;190
4;199;0;2574;1165;636;-2;3;198
4;200;0;2574;1165;605;201;4;199
4;201;0;3179;1165;31;-1;4;199
4;202;1165;2574;950;636;-2;3;198
4;203;1165;2574;950;590;117;4;202
4;204;1165;3164;950;46;-1;4;202
4;205;2115;2574;62;636;-1;3;198
4;206;2177;0;2094;3210;-2;1;189
4;207;2177;0;2094;788;68;2;206
4;208;2177;788;2094;788;69;2;206
4;209;2177;1576;2094;788;70;2;206
4;210;2177;2364;2094;788;71;2;206
4;211;2177;3152;2094;58;-1;2;206
4;212;4271;0;1729;3210;-2;1;189
4;213;4271;0;1729;638;35;2;212
4;214;4271;638;1729;638;36;2;212
4;215;4271;1276;1729;1223;-2;2;212
4;216;4271;1276;908;1223;311;3;215
4;217;5179;1276;770;1223;-2;3;215
4;218;5179;1276;770;1130;146;4;217
4;219;5179;2406;770;93;-1;4;217
4;220;5949;1276;51;1223;-1;3;215
4;221;4271;2499;1729;638;37;2;212
4;222;4271;3137;1729;73;-1;2;212
5;223;0;0;6000;3210;-2;0;
5;224;0;0;2094;3210;-2;1;223
5;225;0;0;2094;788;72;2;224
5;226;0;788;2094;788;73;2;224
5;227;0;1576;2094;788;74;2;224
5;228;0;2364;2094;846;-2;2;224
5;229;0;2364;2019;846;-2;3;228
5;230;0;2364;2019;813;228;4;229
5;231;0;3177;2019;33;-1;4;229
5;232;2019;2364;75;846;-1;3;228
5;233;2094;0;1740;3210;-2;1;223
5;234;2094;0;1740;534;-2;2;233
5;235;2094;0;1694;534;-2;3;234
5;236;2094;0;1694;462;229;4;235
5;237;2094;462;1694;72;-1;4;235
5;238;3788;0;46;534;-1;3;234
5;239;2094;534;1740;462;-2;2;233
5;240;2094;534;1694;462;230;3;239
5;241;3788;534;46;462;-1;3;239
5;242;2094;996;1740;462;-2;2;233
5;243;2094;996;1694;462;231;3;242
5;244;3788;996;46;462;-1;3;242
5;245;2094;1458;1740;1752;-2;2;233
5;246;2094;1458;638;1752;-2;3;245
5;247;2094;1458;638;1729;38;4;246
5;248;2094;3187;638;23;-1;4;246
5;249;2732;1458;640;1752;-2;3;245
5;250;2732;1458;640;1729;39;4;249
5;251;2732;3187;640;23;-1;4;249
5;252;3372;1458;462;1752;-2;3;245
5;253;3372;1458;462;1694;232;4;252
5;254;3372;3152;462;58;-1;4;252
5;255;3834;0;858;3210;-2;1;223
5;256;3834;0;858;28;-1;2;255
5;257;3834;28;858;2036;-2;2;255
5;258;3834;28;833;2036;88;3;257
5;259;4667;28;25;2036;-1;3;257
5;260;3834;2064;858;1110;281;2;255
5;261;3834;3174;858;36;-1;2;255
5;262;4692;0;1280;3210;-2;1;223
5;263;4692;0;1280;708;-2;2;262
5;264;4692;0;1249;708;147;3;263
5;265;5941;0;31;708;-1;3;263
5;266;4692;708;1280;1729;-2;2;262
5;267;4692;708;640;1729;40;3;266
5;268;5332;708;640;1729;41;3;266
5;269;4692;2437;1280;773;-2;2;262
5;270;4692;2437;1249;773;-2;3;269
5;271;4692;2437;1249;708;148;4;270
5;272;4692;3145;1249;65;-1;4;270
5;273;5941;2437;31;773;-1;3;269
5;274;5972;0;28;3210;-1;1;223
6;275;0;0;6000;3210;-2;0;
6;276;0;0;2037;3210;-2;1;275
6;277;0;0;2037;641;-2;2;276
6;278;0;0;1963;641;256;3;277
6;279;1963;0;74;641;-1;3;277
6;280;0;641;2037;1729;-2;2;276
6;281;0;641;640;1729;42;3;280
6;282;640;641;640;1729;43;3;280
6;283;1280;641;640;1729;44;3;280
6;284;1920;641;117;1729;-1;3;280
6;285;0;2370;2037;765;257;2;276
6;286;0;3135;2037;75;-1;2;276
6;287;2037;0;2177;3210;-2;1;275
6;288;2037;0;2177;998;19;2;287
6;289;2037;998;2177;471;-2;2;287
6;290;2037;998;769;471;-2;3;289
6;291;2037;998;769;413;258;4;290
6;292;2037;1411;769;58;-1;4;290
6;293;2806;998;20;471;-1;3;289
6;294;2826;998;1360;471;202;3;289
6;295;4186;998;28;471;-1;3;289
6;296;2037;1469;2177;833;-2;2;287
6;297;2037;1469;2036;833;89;3;296
6;298;4073;1469;141;833;-1;3;296
6;299;2037;2302;2177;908;-2;2;287
6;300;2037;2302;1739;908;-2;3;299
6;301;2037;2302;1739;858;282;4;300
6;302;2037;3160;1739;50;-1;4;300
6;303;3776;2302;413;908;-2;3;299
6;304;3776;2302;413;769;259;4;303
6;305;3776;3071;413;139;-1;4;303
6;306;4189;2302;25;908;-1;3;299
6;307;4214;0;1762;3210;-2;1;275
6;308;4214;0;1762;858;-2;2;307
6;309;4214;0;1739;858;283;3;308
6;310;5953;0;23;858;-1;3;308
6;311;4214;858;1762;640;-2;2;307
6;312;4214;858;1729;640;45;3;311
6;313;5943;858;33;640;-1;3;311
6;314;4214;1498;1762;1712;-2;2;307
6;315;4214;1498;579;1712;-2;3;314
6;316;4214;1498;579;1578;233;4;315
6;317;4214;3076;579;134;-1;4;315
6;318;4793;1498;20;1712;-1;3;314
6;319;4813;1498;718;1712;-2;3;314
6;320;4813;1498;718;1670;75;4;319
6;321;4813;3168;718;42;-1;4;319
6;322;5531;1498;445;1712;-2;3;314
6;323;5531;1498;445;1519;172;4;322
6;324;5531;3017;445;193;-1;4;322
6;325;5976;0;24;3210;-1;1;275
7;326;0;0;6000;3210;-2;0;
7;327;0;0;2008;3210;-2;1;326
7;328;0;0;2008;908;90;2;327
7;329;0;908;2008;447;-2;2;327
7;330;0;908;1824;447;173;3;329
7;331;1824;908;184;447;-1;3;329
7;332;0;1355;2008;908;91;2;327
7;333;0;2263;2008;908;92;2;327
7;334;0;3171;2008;39;-1;2;327
7;335;2008;0;3018;3210;-2;1;326
7;336;2008;0;3018;2177;-2;2;335
7;337;2008;0;998;2177;20;3;336
7;338;3006;0;505;2177;-2;3;336
7;339;3006;0;505;2130;203;4;338
7;340;3006;2130;505;47;-1;4;338
7;341;3511;0;505;2177;-2;3;336
7;342;3511;0;505;2130;204;4;341
7;343;3511;2130;505;47;-1;4;341
7;344;4016;0;505;2177;-2;3;336
7;345;4016;0;505;2130;205;4;344
7;346;4016;2130;505;47;-1;4;344
7;347;4521;0;505;2177;-2;3;336
7;348;4521;0;505;2130;206;4;347
7;349;4521;2130;505;47;-1;4;347
7;350;2008;2177;3018;1033;-2;2;335
7;351;2008;2177;355;1033;-2;3;350
7;352;2008;2177;355;874;260;4;351
7;353;2008;3051;355;159;-1;4;351
7;354;2363;2177;52;1033;-1;3;350
7;355;2415;2177;2177;1033;-2;3;350
7;356;2415;2177;2177;998;21;4;355
7;357;2415;3175;2177;35;-1;4;355
7;358;4592;2177;355;1033;-2;3;350
7;359;4592;2177;355;874;261;4;358
7;360;4592;3051;355;159;-1;4;358
7;361;4947;2177;79;1033;-1;3;350
7;362;5026;0;939;3210;-2;1;326
7;363;5026;0;939;1223;-2;2;362
7;364;5026;0;908;1223;312;3;363
7;365;5934;0;31;1223;-1;3;363
7;366;5026;1223;939;369;-2;2;362
7;367;5026;1223;908;369;262;3;366
7;368;5934;1223;31;369;-1;3;366
7;369;5026;1592;939;1618;-2;2;362
7;370;5026;1592;577;1618;-2;3;369
7;371;5026;1592;577;1578;234;4;370
7;372;5026;3170;577;40;-1;4;370
7;373;5603;1592;362;1618;-2;3;369
7;374;5603;1592;362;1468;313;4;373
7;375;5603;3060;362;150;-1;4;373
7;376;5965;0;35;3210;-1;1;326
8;377;0;0;6000;3210;-2;0;
8;378;0;0;2752;3210;-2;1;377
8;379;0;0;2752;1170;-2;2;378
8;380;0;0;703;1170;235;3;379
8;381;703;0;703;1170;236;3;379
8;382;1406;0;703;1170;237;3;379
8;383;2109;0;643;1170;-2;3;379
8;384;2109;0;643;1103;314;4;383
8;385;2109;1103;643;67;-1;4;383
8;386;0;1170;2752;2040;-2;2;378
8;387;0;1170;908;2040;-2;3;386
8;388;0;1170;908;2008;93;4;387
8;389;0;3178;908;32;-1;4;387
8;390;908;1170;908;2040;-2;3;386
8;391;908;1170;908;2019;94;4;390
8;392;908;3189;908;21;-1;4;390
8;393;1816;1170;908;2040;-2;3;386
8;394;1816;1170;908;2019;95;4;393
8;395;1816;3189;908;21;-1;4;393
8;396;2724;1170;28;2040;-1;3;386
8;397;2752;0;928;3210;-2;1;377
8;398;2752;0;928;2063;-2;2;397
8;399;2752;0;464;2063;315;3;398
8;400;3216;0;464;2063;316;3;398
8;401;2752;2063;928;1147;-2;2;397
8;402;2752;2063;229;1147;-2;3;401
8;403;2752;2063;229;1120;207;4;402
8;404;2752;3183;229;27;-1;4;402
8;405;2981;2063;679;1147;-2;3;401
8;406;2981;2063;679;1120;208;4;405
8;407;2981;3183;679;27;-1;4;405
8;408;3660;2063;20;1147;-1;3;401
8;409;3680;0;533;3210;-2;1;377
8;410;3680;0;533;1708;209;2;409
8;411;3680;1708;533;709;-2;2;409
8;412;3680;1708;513;709;118;3;411
8;413;4193;1708;20;709;-1;3;411
8;414;3680;2417;533;793;-2;2;409
8;415;3680;2417;513;793;-2;3;414
8;416;3680;2417;513;709;119;4;415
8;417;3680;3126;513;84;-1;4;415
8;418;4193;2417;20;793;-1;3;414
8;419;4213;0;1767;3210;-2;1;377
8;420;4213;0;1767;442;-2;2;419
8;421;4213;0;1739;442;174;3;420
8;422;5952;0;28;442;-1;3;420
8;423;4213;442;1767;556;-2;2;419
8;424;4213;442;1675;556;238;3;423
8;425;5888;442;92;556;-1;3;423
8;426;4213;998;1767;1824;-2;2;419
8;427;4213;998;447;1824;175;3;426
8;428;4660;998;858;1824;-2;3;426
8;429;4660;998;858;1779;284;4;428
8;430;4660;2777;858;45;-1;4;428
8;431;5518;998;442;1824;-2;3;426
8;432;5518;998;442;1739;176;4;431
8;433;5518;2737;442;85;-1;4;431
8;434;5960;998;20;1824;-1;3;426
8;435;4213;2822;1767;388;-2;2;419
8;436;4213;2822;1665;388;-2;3;435
8;437;4213;2822;1665;339;317;4;436
8;438;4213;3161;1665;49;-1;4;436
8;439;5878;2822;102;388;-1;3;435
8;440;5980;0;20;3210;-1;1;377
9;441;0;0;6000;3210;-2;0;
9;442;0;0;879;3210;-2;1;441
9;443;0;0;879;1605;318;2;442
9;444;0;1605;879;1605;319;2;442
9;445;879;0;2474;3210;-2;1;441
9;446;879;0;2474;2025;-2;2;445
9;447;879;0;798;2025;285;3;446
9;448;1677;0;838;2025;-2;3;446
9;449;1677;0;838;1944;286;4;448
9;450;1677;1944;838;81;-1;4;448
9;451;2515;0;838;2025;-2;3;446
9;452;2515;0;838;1944;287;4;451
9;453;2515;1944;838;81;-1;4;451
9;454;879;2025;2474;599;-2;2;445
9;455;879;2025;330;599;-2;3;454
9;456;879;2025;330;560;210;4;455
9;457;879;2585;330;39;-1;4;455
9;458;1209;2025;55;599;-1;3;454
9;459;1264;2025;1578;599;-2;3;454
9;460;1264;2025;1578;579;239;4;459
9;461;1264;2604;1578;20;-1;4;459
9;462;2842;2025;330;599;-2;3;454
9;463;2842;2025;330;560;211;4;462
9;464;2842;2585;330;39;-1;4;462
9;465;3172;2025;181;599;-1;3;454
9;466;879;2624;2474;586;-2;2;445
9;467;879;2624;730;586;-2;3;466
9;468;879;2624;730;520;120;4;467
9;469;879;3144;730;66;-1;4;467
9;470;1609;2624;1675;586;-2;3;466
9;471;1609;2624;1675;30;-1;4;470
9;472;1609;2654;1675;556;240;4;470
9;473;3284;2624;69;586;-1;3;466
9;474;3353;0;879;3210;-2;1;441
9;475;3353;0;879;1605;320;2;474
9;476;3353;1605;879;1605;321;2;474
9;477;4232;0;1768;3210;-2;1;441
9;478;4232;0;1768;718;-2;2;477
9;479;4232;0;1670;718;22;3;478
9;480;5902;0;98;718;-1;3;478
9;481;4232;718;1768;1824;-2;2;477
9;482;4232;718;469;1824;177;3;481
9;483;4701;718;638;1824;-2;3;481
9;484;4701;718;638;95;-1;4;483
9;485;4701;813;638;1729;46;4;483
9;486;5339;718;638;1824;-2;3;481
9;487;5339;718;638;1729;47;4;486
9;488;5339;2447;638;95;-1;4;486
9;489;5977;718;23;1824;-1;3;481
9;490;4232;2542;1768;668;-2;2;477
9;491;4232;2542;1729;668;-2;3;490
9;492;4232;2542;1729;638;48;4;491
9;493;4232;3180;1729;30;-1;4;491
9;494;5961;2542;39;668;-1;3;490
10;495;0;0;6000;3210;-2;0;
10;496;0;0;1729;3210;-2;1;495
10;497;0;0;1729;638;49;2;496
10;498;0;638;1729;638;50;2;496
10;499;0;1276;1729;556;-2;2;496
10;500;0;1276;1675;556;241;3;499
10;501;1675;1276;54;556;-1;3;499
10;502;0;1832;1729;640;51;2;496
10;503;0;2472;1729;738;-2;2;496
10;504;0;2472;1670;738;-2;3;503
10;505;0;2472;1670;718;76;4;504
10;506;0;3190;1670;20;-1;4;504
10;507;1670;2472;59;738;-1;3;503
10;508;1729;0;491;3210;-2;1;495
10;509;1729;0;491;1824;-2;2;508
10;510;1729;0;469;1824;178;3;509
10;511;2198;0;22;1824;-1;3;509
10;512;1729;1824;491;1386;-2;2;508
10;513;1729;1824;471;1386;-2;3;512
10;514;1729;1824;471;1360;242;4;513
10;515;1729;3184;471;26;-1;4;513
10;516;2200;1824;20;1386;-1;3;512
10;517;2220;0;2154;3210;-2;1;495
10;518;2220;0;2154;718;-2;2;517
10;519;2220;0;2094;718;77;3;518
10;520;4314;0;60;718;-1;3;518
10;521;2220;718;2154;1670;-2;2;517
10;522;2220;718;718;1670;23;3;521
10;523;2938;718;718;1670;24;3;521
10;524;3656;718;718;1670;25;3;521
10;525;2220;2388;2154;822;-2;2;517
10;526;2220;2388;1275;822;-2;3;525
10;527;2220;2388;1275;793;149;4;526
10;528;2220;3181;1275;29;-1;4;526
10;529;3495;2388;803;822;-2;3;525
10;530;3495;2388;803;789;288;4;529
10;531;3495;3177;803;33;-1;4;529
10;532;4298;2388;76;822;-1;3;525
10;533;4374;0;718;3210;-2;1;495
10;534;4374;0;718;1670;26;2;533
10;535;4374;1670;718;1540;-2;2;533
10;536;4374;1670;697;1540;-2;3;535
10;537;4374;1670;697;1284;150;4;536
10;538;4374;2954;697;256;-1;4;536
10;539;5071;1670;21;1540;-1;3;535
10;540;5092;0;908;3210;-2;1;495
10;541;5092;0;908;1058;96;2;540
10;542;5092;1058;908;1058;97;2;540
10;543;5092;2116;908;1058;98;2;540
10;544;5092;3174;908;36;-1;2;540
11;545;0;0;6000;3210;-2;0;
11;546;0;0;3458;3210;-2;1;545
11;547;0;0;3458;638;-2;2;546
11;548;0;0;1729;638;52;3;547
11;549;1729;0;1729;638;53;3;547
11;550;0;638;3458;638;-2;2;546
11;551;0;638;1729;638;78;3;550
11;552;1729;638;1729;638;79;3;550
11;553;0;1276;3458;638;-2;2;546
11;554;0;1276;1729;638;80;3;553
11;555;1729;1276;1729;638;81;3;553
11;556;0;1914;3458;638;-2;2;546
11;557;0;1914;1729;638;54;3;556
11;558;1729;1914;1729;638;55;3;556
11;559;0;2552;3458;658;-2;2;546
11;560;0;2552;1729;658;-2;3;559
11;561;0;2552;1729;638;82;4;560
11;562;0;3190;1729;20;-1;4;560
11;563;1729;2552;33;658;-1;3;559
11;564;1762;2552;1165;658;-2;3;559
11;565;1762;2552;1165;605;243;4;564
11;566;1762;3157;1165;53;-1;4;564
11;567;2927;2552;330;658;-2;3;559
11;568;2927;2552;330;560;212;4;567
11;569;2927;3112;330;98;-1;4;567
11;570;3257;2552;201;658;-1;3;559
11;571;3458;0;489;3210;-2;1;545
11;572;3458;0;489;232;-1;2;571
11;573;3458;232;489;1154;-2;2;571
11;574;3458;232;454;1154;-2;3;573
11;575;3458;232;454;945;121;4;574
11;576;3458;1177;454;209;-1;4;574
11;577;3912;232;35;1154;-1;3;573
11;578;3458;1386;489;1824;-2;2;571
11;579;3458;1386;469;1824;179;3;578
11;580;3927;1386;20;1824;-1;3;578
11;581;3947;0;879;3210;-2;1;545
11;582;3947;0;879;1605;322;2;581
11;583;3947;1605;879;1605;323;2;581
11;584;4826;0;491;3210;-2;1;545
11;585;4826;0;491;1824;-2;2;584
11;586;4826;0;469;1824;180;3;585
11;587;5295;0;22;1824;-1;3;585
11;588;4826;1824;491;1386;-2;2;584
11;589;4826;1824;471;1386;-2;3;588
11;590;4826;1824;471;1360;244;4;589
11;591;4826;3184;471;26;-1;4;589
11;592;5297;1824;20;1386;-1;3;588
11;593;5317;0;663;3210;-2;1;545
11;594;5317;0;663;1070;289;2;593
11;595;5317;1070;663;1070;290;2;593
11;596;5317;2140;663;1070;-2;2;593
11;597;5317;2140;580;1070;-2;3;596
11;598;5317;2140;580;970;122;4;597
11;599;5317;3110;580;100;-1;4;597
11;600;5897;2140;83;1070;-1;3;596
11;601;5980;0;20;3210;-1;1;545
12;602;0;0;6000;3210;-2;0;
12;603;0;0;440;3210;-2;1;602
12;604;0;0;440;233;-1;2;603
12;605;0;233;440;1983;-2;2;603
12;606;0;233;414;1983;324;3;605
12;607;414;233;26;1983;-1;3;605
12;608;0;2216;440;994;-2;2;603
12;609;0;2216;420;994;-2;3;608
12;610;0;2216;420;860;213;4;609
12;611;0;3076;420;134;-1;4;609
12;612;420;2216;20;994;-1;3;608
12;613;440;0;1026;3210;-2;1;602
12;614;440;0;1026;2105;-2;2;613
12;615;440;0;513;2105;123;3;614
12;616;953;0;513;2105;124;3;614
12;617;440;2105;1026;1105;-2;2;613
12;618;440;2105;908;1105;-2;3;617
12;619;440;2105;908;1058;99;4;618
12;620;440;3163;908;47;-1;4;618
12;621;1348;2105;118;1105;-1;3;617
12;622;1466;0;1764;3210;-2;1;602
12;623;1466;0;1764;608;181;2;622
12;624;1466;608;1764;718;-2;2;622
12;625;1466;608;1670;718;27;3;624
12;626;3136;608;94;718;-1;3;624
12;627;1466;1326;1764;640;-2;2;622
12;628;1466;1326;1729;640;83;3;627
12;629;3195;1326;35;640;-1;3;627
12;630;1466;1966;1764;608;182;2;622
12;631;1466;2574;1764;608;183;2;622
12;632;1466;3182;1764;28;-1;2;622
12;633;3230;0;1092;3210;-2;1;602
12;634;3230;0;1092;1108;125;2;633
12;635;3230;1108;1092;1108;126;2;633
12;636;3230;2216;1092;994;-2;2;633
12;637;3230;2216;1058;994;-2;3;636
12;638;3230;2216;1058;908;100;4;637
12;639;3230;3124;1058;86;-1;4;637
12;640;4288;2216;34;994;-1;3;636
12;641;4322;0;550;3210;-2;1;602
12;642;4322;0;550;1259;291;2;641
12;643;4322;1259;550;1259;292;2;641
12;644;4322;2518;550;692;-2;2;641
12;645;4322;2518;508;692;-2;3;644
12;646;4322;2518;508;619;263;4;645
12;647;4322;3137;508;73;-1;4;645
12;648;4830;2518;42;692;-1;3;644
12;649;4872;0;1128;3210;-2;1;602
12;650;4872;0;1128;1259;-2;2;649
12;651;4872;0;550;1259;293;3;650
12;652;5422;0;550;1259;294;3;650
12;653;5972;0;28;1259;-1;3;650
12;654;4872;1259;1128;1092;-2;2;649
12;655;4872;1259;1108;1092;127;3;654
12;656;5980;1259;20;1092;-1;3;654
12;657;4872;2351;1128;859;-2;2;649
12;658;4872;2351;593;859;-2;3;657
12;659;4872;2351;593;564;264;4;658
12;660;4872;2915;593;295;-1;4;658
12;661;5465;2351;513;859;-2;3;657
12;662;5465;2351;513;819;265;4;661
12;663;5465;3170;513;40;-1;4;661
12;664;5978;2351;22;859;-1;3;657
13;665;0;0;6000;3210;-2;0;
13;666;0;0;1247;3210;-2;1;665
13;667;0;0;1247;605;-2;2;666
13;668;0;0;1165;605;214;3;667
13;669;1165;0;82;605;-1;3;667
13;670;0;605;1247;513;-2;2;666
13;671;0;605;1119;513;295;3;670
13;672;1119;605;128;513;-1;3;670
13;673;0;1118;1247;2092;-2;2;666
13;674;0;1118;833;2092;-2;3;673
13;675;0;1118;833;2036;128;4;674
13;676;0;3154;833;56;-1;4;674
13;677;833;1118;414;2092;-2;3;673
13;678;833;1118;414;1983;325;4;677
13;679;833;3101;414;109;-1;4;677
13;680;1247;0;1816;3210;-2;1;665
13;681;1247;0;1816;1058;-2;2;680
13;682;1247;0;908;1058;101;3;681
13;683;2155;0;908;1058;102;3;681
13;684;1247;1058;1816;608;-2;2;680
13;685;1247;1058;1764;608;184;3;684
13;686;3011;1058;52;608;-1;3;684
13;687;1247;1666;1816;1544;-2;2;680
13;688;1247;1666;880;1544;-2;3;687
13;689;1247;1666;880;1510;185;4;688
13;690;1247;3176;880;34;-1;4;688
13;691;2127;1666;880;1544;-2;3;687
13;692;2127;1666;880;1510;186;4;691
13;693;2127;3176;880;34;-1;4;691
13;694;3007;1666;56;1544;-1;3;687
13;695;3063;0;500;3210;-2;1;665
13;696;3063;0;500;1360;-2;2;695
13;697;3063;0;471;1360;245;3;696
13;698;3534;0;29;1360;-1;3;696
13;699;3063;1360;500;558;-2;2;695
13;700;3063;1360;419;558;187;3;699
13;701;3482;1360;81;558;-1;3;699
13;702;3063;1918;500;1259;296;2;695
13;703;3063;3177;500;33;-1;2;695
13;704;3563;0;828;3210;-2;1;665
13;705;3563;0;828;1983;-2;2;704
13;706;3563;0;414;1983;326;3;705
13;707;3977;0;414;1983;327;3;705
13;708;3563;1983;828;789;-2;2;704
13;709;3563;1983;803;789;266;3;708
13;710;4366;1983;25;789;-1;3;708
13;711;3563;2772;828;438;-2;2;704
13;712;3563;2772;568;438;-2;3;711
13;713;3563;2772;568;409;188;4;712
13;714;3563;3181;568;29;-1;4;712
13;715;4131;2772;260;438;-1;3;711
13;716;4391;0;880;3210;-2;1;665
13;717;4391;0;880;2036;-2;2;716
13;718;4391;0;833;2036;129;3;717
13;719;5224;0;47;2036;-1;3;717
13;720;4391;2036;880;1095;267;2;716
13;721;4391;3131;880;79;-1;2;716
13;722;5271;0;708;3210;-2;1;665
13;723;5271;0;708;1249;151;2;722
13;724;5271;1249;708;719;189;2;722
13;725;5271;1968;708;1242;-2;2;722
13;726;5271;1968;605;1242;-2;3;725
13;727;5271;1968;605;1165;246;4;726
13;728;5271;3133;605;77;-1;4;726
13;729;5876;1968;103;1242;-1;3;725
13;730;5979;0;21;3210;-1;1;665
14;731;0;0;6000;3210;-2;0;
14;732;0;0;2832;3210;-2;1;731
14;733;0;0;2832;2008;-2;2;732
14;734;0;0;908;2008;130;3;733
14;735;908;0;908;2008;131;3;733
14;736;1816;0;508;2008;-2;3;733
14;737;1816;0;508;1983;152;4;736
14;738;1816;1983;508;25;-1;4;736
14;739;2324;0;508;2008;-2;3;733
14;740;2324;0;508;1983;153;4;739
14;741;2324;1983;508;25;-1;4;739
14;742;0;2008;2832;471;-2;2;732
14;743;0;2008;1360;471;247;3;742
14;744;1360;2008;1360;471;248;3;742
14;745;2720;2008;112;471;-1;3;742
14;746;0;2479;2832;731;-2;2;732
14;747;0;2479;1269;731;-2;3;746
14;748;0;2479;1269;708;190;4;747
14;749;0;3187;1269;23;-1;4;747
14;750;1269;2479;1479;731;-2;3;746
14;751;1269;2479;1479;687;154;4;750
14;752;1269;3166;1479;44;-1;4;750
14;753;2748;2479;84;731;-1;3;746
14;754;2832;0;1092;3210;-2;1;731
14;755;2832;0;1092;1108;132;2;754
14;756;2832;1108;1092;819;-2;2;754
14;757;2832;1108;513;819;268;3;756
14;758;3345;1108;513;819;269;3;756
14;759;3858;1108;66;819;-1;3;756
14;760;2832;1927;1092;1283;-2;2;754
14;761;2832;1927;309;1283;-2;3;760
14;762;2832;1927;309;1088;215;4;761
14;763;2832;3015;309;195;-1;4;761
14;764;3141;1927;50;1283;-1;3;760
14;765;3191;1927;708;1283;-2;3;760
14;766;3191;1927;708;1249;155;4;765
14;767;3191;3176;708;34;-1;4;765
14;768;3899;1927;25;1283;-1;3;760
14;769;3924;0;2040;3210;-2;1;731
14;770;3924;0;2040;908;-2;2;769
14;771;3924;0;2008;908;133;3;770
14;772;5932;0;32;908;-1;3;770
14;773;3924;908;2040;908;-2;2;769
14;774;3924;908;2008;908;134;3;773
14;775;5932;908;32;908;-1;3;773
14;776;3924;1816;2040;1394;-2;2;769
14;777;3924;1816;380;1394;-2;3;776
14;778;3924;1816;380;1374;191;4;777
14;779;3924;3190;380;20;-1;4;777
14;780;4304;1816;380;1394;-2;3;776
14;781;4304;1816;380;1374;192;4;780
14;782;4304;3190;380;20;-1;4;780
14;783;4684;1816;380;1394;-2;3;776
14;784;4684;1816;380;1374;193;4;783
14;785;4684;3190;380;20;-1;4;783
14;786;5064;1816;20;1394;-1;3;776
14;787;5084;1816;500;1394;-2;3;776
14;788;5084;1816;500;1259;297;4;787
14;789;5084;3075;500;135;-1;4;787
14;790;5584;1816;380;1394;-2;3;776
14;791;5584;1816;380;1374;194;4;790
14;792;5584;3190;380;20;-1;4;790
14;793;5964;0;36;3210;-1;1;731
15;794;0;0;6000;3210;-2;0;
15;795;0;0;1524;3210;-2;1;794
15;796;0;0;1524;550;-2;2;795
15;797;0;0;1259;550;298;3;796
15;798;1259;0;265;550;-1;3;796
15;799;0;550;1524;677;156;2;795
15;800;0;1227;1524;43;-1;2;795
15;801;0;1270;1524;777;157;2;795
15;802;0;2047;1524;1163;-2;2;795
15;803;0;2047;1475;1163;-2;3;802
15;804;0;2047;1475;1115;158;4;803
15;805;0;3162;1475;48;-1;4;803
15;806;1475;2047;49;1163;-1;3;802
15;807;1524;0;1848;3210;-2;1;794
15;808;1524;0;1848;2008;-2;2;807
15;809;1524;0;908;2008;135;3;808
15;810;2432;0;908;2008;136;3;808
15;811;3340;0;32;2008;-1;3;808
15;812;1524;2008;1848;1202;-2;2;807
15;813;1524;2008;513;1202;-2;3;812
15;814;1524;2008;513;1119;270;4;813
15;815;1524;3127;513;83;-1;4;813
15;816;2037;2008;513;1202;-2;3;812
15;817;2037;2008;513;1119;271;4;816
15;818;2037;3127;513;83;-1;4;816
15;819;2550;2008;513;1202;-2;3;812
15;820;2550;2008;513;1119;272;4;819
15;821;2550;3127;513;83;-1;4;819
15;822;3063;2008;309;1202;-2;3;812
15;823;3063;2008;309;1088;216;4;822
15;824;3063;3096;309;114;-1;4;822
15;825;3372;0;550;3210;-2;1;794
15;826;3372;0;550;1259;299;2;825
15;827;3372;1259;550;819;-2;2;825
15;828;3372;1259;513;819;273;3;827
15;829;3885;1259;37;819;-1;3;827
15;830;3372;2078;550;1132;-2;2;825
15;831;3372;2078;506;1132;-2;3;830
15;832;3372;2078;506;1000;274;4;831
15;833;3372;3078;506;132;-1;4;831
15;834;3878;2078;44;1132;-1;3;830
15;835;3922;0;952;3210;-2;1;794
15;836;3922;0;952;1748;-2;2;835
15;837;3922;0;476;1748;300;3;836
15;838;4398;0;476;1748;301;3;836
15;839;3922;1748;952;1462;-2;2;835
15;840;3922;1748;519;1462;-2;3;839
15;841;3922;1748;519;354;-2;4;840
15;842;3922;2102;519;1108;302;4;840
15;843;4441;1748;380;1462;-2;3;839
15;844;4441;1748;380;1374;195;4;843
15;845;4441;3122;380;88;-1;4;843
15;846;4821;1748;53;1462;-1;3;839
15;847;4874;0;1126;3210;-2;1;794
15;848;4874;0;1126;920;-2;2;847
15;849;4874;0;1090;920;103;3;848
15;850;5964;0;36;920;-1;3;848
15;851;4874;920;1126;1108;-2;2;847
15;852;4874;920;1092;1108;104;3;851
15;853;5966;920;34;1108;-1;3;851
15;854;4874;2028;1126;1182;-2;2;847
15;855;4874;2028;1092;1182;-2;3;854
15;856;4874;2028;1092;1108;105;4;855
15;857;4874;3136;1092;74;-1;4;855
15;858;5966;2028;34;1182;-1;3;854
16;859;0;0;6000;3210;-2;0;
16;860;0;0;1816;3210;-2;1;859
16;861;0;0;1816;2019;-2;2;860
16;862;0;0;908;2019;137;3;861
16;863;908;0;908;2019;138;3;861
16;864;0;2019;1816;1191;-2;2;860
16;865;0;2019;1475;1191;-2;3;864
16;866;0;2019;1475;1115;159;4;865
16;867;0;3134;1475;76;-1;4;865
16;868;1475;2019;309;1191;-2;3;864
16;869;1475;2019;309;1088;217;4;868
16;870;1475;3107;309;103;-1;4;868
16;871;1784;2019;32;1191;-1;3;864
16;872;1816;0;3054;3210;-2;1;859
16;873;1816;0;3054;1983;-2;2;872
16;874;1816;0;414;1983;328;3;873
16;875;2230;0;880;1983;329;3;873
16;876;3110;0;880;1983;330;3;873
16;877;3990;0;880;1983;331;3;873
16;878;1816;1983;3054;1227;-2;2;872
16;879;1816;1983;1475;1227;-2;3;878
16;880;1816;1983;1475;1115;160;4;879
16;881;1816;3098;1475;112;-1;4;879
16;882;3291;1983;505;1227;-2;3;878
16;883;3291;1983;505;1200;303;4;882
16;884;3291;3183;505;27;-1;4;882
16;885;3796;1983;505;1227;-2;3;878
16;886;3796;1983;505;1200;304;4;885
16;887;3796;3183;505;27;-1;4;885
16;888;4301;1983;513;1227;-2;3;878
16;889;4301;1983;513;1190;305;4;888
16;890;4301;3173;513;37;-1;4;888
16;891;4814;1983;56;1227;-1;3;878
16;892;4870;0;1108;3210;-2;1;859
16;893;4870;0;1108;1092;139;2;892
16;894;4870;1092;1108;1092;106;2;892
16;895;4870;2184;1108;1026;-2;2;892
16;896;4870;2184;506;1026;-2;3;895
16;897;4870;2184;506;1000;275;4;896
16;898;4870;3184;506;26;-1;4;896
16;899;5376;2184;550;1026;-2;3;895
16;900;5376;2184;550;954;276;4;899
16;901;5376;3138;550;72;-1;4;899
16;902;5926;2184;52;1026;-1;3;895
16;903;5978;0;22;3210;-1;1;859
17;904;0;0;6000;3210;-2;0;
17;905;0;0;2364;3210;-2;1;904
17;906;0;0;2364;1092;-2;2;905
17;907;0;0;1108;1092;107;3;906
17;908;1108;0;1108;1092;108;3;906
17;909;2216;0;148;1092;-1;3;906
17;910;0;1092;2364;2118;-2;2;905
17;911;0;1092;788;2118;-2;3;910
17;912;0;1092;788;2094;109;4;911
17;913;0;3186;788;24;-1;4;911
17;914;788;1092;788;2118;-2;3;910
17;915;788;1092;788;2094;110;4;914
17;916;788;3186;788;24;-1;4;914
17;917;1576;1092;788;2118;-2;3;910
17;918;1576;1092;788;2094;111;4;917
17;919;1576;3186;788;24;-1;4;917
17;920;2364;0;954;3210;-2;1;904
17;921;2364;0;954;550;277;2;920
17;922;2364;550;954;1983;-2;2;920
17;923;2364;550;880;1983;332;3;922
17;924;3244;550;74;1983;-1;3;922
17;925;2364;2533;954;677;-2;2;920
17;926;2364;2533;930;677;-2;3;925
17;927;2364;2533;930;620;161;4;926
17;928;2364;3153;930;57;-1;4;926
17;929;3294;2533;24;677;-1;3;925
17;930;3318;0;1012;3210;-2;1;904
17;931;3318;0;1012;1983;-2;2;930
17;932;3318;0;880;1983;333;3;931
17;933;4198;0;132;1983;-1;3;931
17;934;3318;1983;1012;1227;-2;2;930
17;935;3318;1983;703;1227;-2;3;934
17;936;3318;1983;703;1170;278;4;935
17;937;3318;3153;703;57;-1;4;935
17;938;4021;1983;309;1227;-2;3;934
17;939;4021;1983;309;1088;218;4;938
17;940;4021;3071;309;139;-1;4;938
17;941;4330;0;748;3210;-2;1;904
17;942;4330;0;748;914;-2;2;941
17;943;4330;0;698;914;162;3;942
17;944;5028;0;50;914;-1;3;942
17;945;4330;914;748;1215;-2;2;941
17;946;4330;914;706;1215;163;3;945
17;947;5036;914;42;1215;-1;3;945
17;948;4330;2129;748;1081;-2;2;941
17;949;4330;2129;728;1081;-2;3;948
17;950;4330;2129;728;62;-2;4;949
17;951;4330;2191;728;1019;219;4;949
17;952;5058;2129;20;1081;-1;3;948
17;953;5078;0;922;3210;-2;1;904
17;954;5078;0;922;909;-2;2;953
17;955;5078;0;898;909;220;3;954
17;956;5976;0;24;909;-1;3;954
17;957;5078;909;922;990;-2;2;953
17;958;5078;909;890;990;221;3;957
17;959;5968;909;32;990;-1;3;957
17;960;5078;1899;922;1311;-2;2;953
17;961;5078;1899;890;1311;-2;3;960
17;962;5078;1899;890;990;222;4;961
17;963;5078;2889;890;321;-1;4;961
17;964;5968;1899;32;1311;-1;3;960
18;965;0;0;6000;3210;-2;0;
18;966;0;0;1215;3210;-2;1;965
18;967;0;0;1215;1070;279;2;966
18;968;0;1070;1215;706;164;2;966
18;969;0;1776;1215;707;165;2;966
18;970;0;2483;1215;727;-2;2;966
18;971;0;2483;1190;727;-2;3;970
18;972;0;2483;1190;214;-2;4;971
18;973;0;2697;1190;513;306;4;971
18;974;1190;2483;25;727;-1;3;970
18;975;1215;0;942;3210;-2;1;965
18;976;1215;0;942;471;-2;2;975
18;977;1215;0;860;471;249;3;976
18;978;2075;0;82;471;-1;3;976
18;979;1215;471;942;1215;-2;2;975
18;980;1215;471;707;1215;166;3;979
18;981;1922;471;235;1215;-1;3;979
18;982;1215;1686;942;1524;-2;2;975
18;983;1215;1686;471;1524;-2;3;982
18;984;1215;1686;471;1360;250;4;983
18;985;1215;3046;471;164;-1;4;983
18;986;1686;1686;471;1524;-2;3;982
18;987;1686;1686;471;1360;251;4;986
18;988;1686;3046;471;164;-1;4;986
18;989;2157;0;715;3210;-2;1;965
18;990;2157;0;715;1200;-2;2;989
18;991;2157;0;513;1200;307;3;990
18;992;2670;0;202;1200;-1;3;990
18;993;2157;1200;715;1439;223;2;989
18;994;2157;2639;715;571;-2;2;989
18;995;2157;2639;129;571;-1;3;994
18;996;2286;2639;534;571;-2;3;994
18;997;2286;2639;534;497;167;4;996
18;998;2286;3136;534;74;-1;4;996
18;999;2820;2639;52;571;-1;3;994
18;1000;2872;0;3128;3210;-3;1;965
