PLATE_ID;NODE_ID;X;Y;WIDTH;HEIGHT;TYPE;CUT;PARENT
0;0;0;0;6000;3210;-2;0;
0;1;0;0;1310;3210;-2;1;0
0;2;0;0;1310;516;150;2;1
0;3;0;516;1310;20;-1;2;1
0;4;0;536;1310;648;151;2;1
0;5;0;1184;1310;648;152;2;1
0;6;0;1832;1310;648;153;2;1
0;7;0;2480;1310;648;154;2;1
0;8;0;3128;1310;82;-1;2;1
0;9;1310;0;507;3210;-2;1;0
0;10;1310;0;507;2120;155;2;9
0;11;1310;2120;507;1090;-2;2;9
0;12;1310;2120;476;1090;-2;3;11
0;13;1310;2120;476;1012;0;4;12
0;14;1310;3132;476;78;-1;4;12
0;15;1786;2120;31;1090;-1;3;11
0;16;1817;0;2075;3210;-2;1;0
0;17;1817;0;2075;196;-2;2;16
0;18;1817;0;1955;196;350;3;17
0;19;3772;0;120;196;-1;3;17
0;20;1817;196;2075;527;-2;2;16
0;21;1817;196;1831;527;75;3;20
0;22;3648;196;244;527;-1;3;20
0;23;1817;723;2075;695;-2;2;16
0;24;1817;723;2053;695;200;3;23
0;25;3870;723;22;695;-1;3;23
0;26;1817;1418;2075;560;50;2;16
0;27;1817;1978;2075;834;-2;2;16
0;28;1817;1978;1955;834;351;3;27
0;29;3772;1978;120;834;-1;3;27
0;30;1817;2812;2075;398;-2;2;16
0;31;1817;2812;2026;398;-2;3;30
0;32;1817;2812;2026;39;-2;4;31
0;33;1817;2851;2026;359;352;4;31
0;34;3843;2812;49;398;-1;3;30
0;35;3892;0;2108;3210;-2;1;0
0;36;3892;0;2108;600;-2;2;35
0;37;3892;0;1054;600;76;3;36
0;38;4946;0;1054;600;77;3;36
0;39;3892;600;2108;560;-2;2;35
0;40;3892;600;2075;560;51;3;39
0;41;5967;600;33;560;-1;3;39
0;42;3892;1160;2108;600;-2;2;35
0;43;3892;1160;1054;600;78;3;42
0;44;4946;1160;1054;600;79;3;42
0;45;3892;1760;2108;725;-2;2;35
0;46;3892;1760;2053;725;201;3;45
0;47;5945;1760;55;725;-1;3;45
0;48;3892;2485;2108;725;-2;2;35
0;49;3892;2485;2053;725;202;3;48
0;50;5945;2485;55;725;-1;3;48
1;51;0;0;6000;3210;-2;0;
1;52;0;0;2175;3210;-2;1;51
1;53;0;0;2175;507;-2;2;52
1;54;0;0;2120;507;156;3;53
1;55;2120;0;55;507;-1;3;53
1;56;0;507;2175;2053;-2;2;52
1;57;0;507;725;2053;203;3;56
1;58;725;507;725;2053;204;3;56
1;59;1450;507;725;2053;205;3;56
1;60;0;2560;2175;650;-2;2;52
1;61;0;2560;1054;650;-2;3;60
1;62;0;2560;1054;600;80;4;61
1;63;0;3160;1054;50;-1;4;61
1;64;1054;2560;1054;650;-2;3;60
1;65;1054;2560;1054;600;81;4;64
1;66;1054;3160;1054;50;-1;4;64
1;67;2108;2560;67;650;-1;3;60
1;68;2175;0;1232;3210;-2;1;51
1;69;2175;0;1232;2120;-2;2;68
1;70;2175;0;725;2120;-2;3;69
1;71;2175;0;725;2053;206;4;70
1;72;2175;2053;725;67;-1;4;70
1;73;2900;0;507;2120;157;3;69
1;74;2175;2120;1232;1090;-2;2;68
1;75;2175;2120;600;1090;-2;3;74
1;76;2175;2120;600;1054;82;4;75
1;77;2175;3174;600;36;-1;4;75
1;78;2775;2120;600;1090;-2;3;74
1;79;2775;2120;600;1054;83;4;78
1;80;2775;3174;600;36;-1;4;78
1;81;3375;2120;32;1090;-1;3;74
1;82;3407;0;870;3210;-2;1;51
1;83;3407;0;870;730;52;2;82
1;84;3407;730;870;370;-2;2;82
1;85;3407;730;32;370;-1;3;84
1;86;3439;730;730;370;53;3;84
1;87;4169;730;108;370;-1;3;84
1;88;3407;1100;870;2110;-2;2;82
1;89;3407;1100;830;2110;-2;3;88
1;90;3407;1100;830;2058;158;4;89
1;91;3407;3158;830;52;-1;4;89
1;92;4237;1100;40;2110;-1;3;88
1;93;4277;0;522;3210;-2;1;51
1;94;4277;0;522;2053;250;2;93
1;95;4277;2053;522;1157;-2;2;93
1;96;4277;2053;489;1157;125;3;95
1;97;4766;2053;33;1157;-1;3;95
1;98;4799;0;1177;3210;-2;1;51
1;99;4799;0;1177;489;-2;2;98
1;100;4799;0;1157;489;126;3;99
1;101;5956;0;20;489;-1;3;99
1;102;4799;489;1177;658;-2;2;98
1;103;4799;489;1153;658;225;3;102
1;104;5952;489;24;658;-1;3;102
1;105;4799;1147;1177;658;-2;2;98
1;106;4799;1147;1153;658;226;3;105
1;107;5952;1147;24;658;-1;3;105
1;108;4799;1805;1177;658;-2;2;98
1;109;4799;1805;1153;658;227;3;108
1;110;5952;1805;24;658;-1;3;108
1;111;4799;2463;1177;747;-2;2;98
1;112;4799;2463;1107;747;-2;3;111
1;113;4799;2463;1107;726;251;4;112
1;114;4799;3189;1107;21;-1;4;112
1;115;5906;2463;70;747;-1;3;111
1;116;5976;0;24;3210;-1;1;51
2;117;0;0;6000;3210;-2;0;
2;118;0;0;1785;3210;-2;1;117
2;119;0;0;1785;2134;-2;2;118
2;120;0;0;595;2134;252;3;119
2;121;595;0;595;2134;253;3;119
2;122;1190;0;595;2134;254;3;119
2;123;0;2134;1785;1076;-2;2;118
2;124;0;2134;600;1076;-2;3;123
2;125;0;2134;600;1054;127;4;124
2;126;0;3188;600;22;-1;4;124
2;127;600;2134;600;1076;-2;3;123
2;128;600;2134;600;1054;128;4;127
2;129;600;3188;600;22;-1;4;127
2;130;1200;2134;20;1076;-1;3;123
2;131;1220;2134;515;1076;-2;3;123
2;132;1220;2134;515;953;175;4;131
2;133;1220;3087;515;123;-1;4;131
2;134;1735;2134;50;1076;-1;3;123
2;135;1785;0;476;3210;-2;1;117
2;136;1785;0;476;1492;25;2;135
2;137;1785;1492;476;1492;26;2;135
2;138;1785;2984;476;226;-1;2;135
2;139;2261;0;1527;3210;-2;1;117
2;140;2261;0;1527;712;300;2;139
2;141;2261;712;1527;1492;-2;2;139
2;142;2261;712;30;1492;-1;3;141
2;143;2291;712;724;1492;27;3;141
2;144;3015;712;724;1492;28;3;141
2;145;3739;712;49;1492;-1;3;141
2;146;2261;2204;1527;1006;-2;2;139
2;147;2261;2204;360;1006;-2;3;146
2;148;2261;2204;360;930;353;4;147
2;149;2261;3134;360;76;-1;4;147
2;150;2621;2204;50;1006;-1;3;146
2;151;2671;2204;360;1006;-2;3;146
2;152;2671;2204;360;952;354;4;151
2;153;2671;3156;360;54;-1;4;151
2;154;3031;2204;724;1006;-2;3;146
2;155;3031;2204;724;912;1;4;154
2;156;3031;3116;724;94;-1;4;154
2;157;3755;2204;33;1006;-1;3;146
2;158;3788;0;1527;3210;-2;1;117
2;159;3788;0;1527;2012;-2;2;158
2;160;3788;0;752;2012;2;3;159
2;161;4540;0;752;2012;3;3;159
2;162;5292;0;23;2012;-1;3;159
2;163;3788;2012;1527;540;-2;2;158
2;164;3788;2012;1470;540;54;3;163
2;165;5258;2012;57;540;-1;3;163
2;166;3788;2552;1527;658;-2;2;158
2;167;3788;2552;1153;658;228;3;166
2;168;4941;2552;374;658;-2;3;166
2;169;4941;2552;374;525;84;4;168
2;170;4941;3077;374;133;-1;4;168
2;171;5315;0;658;3210;-2;1;117
2;172;5315;0;658;1153;229;2;171
2;173;5315;1153;658;1153;230;2;171
2;174;5315;2306;658;904;-2;2;171
2;175;5315;2306;590;904;325;3;174
2;176;5905;2306;68;904;-1;3;174
2;177;5973;0;27;3210;-1;1;117
3;178;0;0;6000;3210;-2;0;
3;179;0;0;548;3210;-2;1;178
3;180;0;0;548;1867;301;2;179
3;181;0;1867;548;1343;-2;2;179
3;182;0;1867;492;1343;-2;3;181
3;183;0;1867;492;1285;275;4;182
3;184;0;3152;492;58;-1;4;182
3;185;492;1867;56;1343;-1;3;181
3;186;548;0;1140;3210;-2;1;178
3;187;548;0;1140;2022;-2;2;186
3;188;548;0;570;2022;4;3;187
3;189;1118;0;570;2022;5;3;187
3;190;548;2022;1140;1188;-2;2;186
3;191;548;2022;658;1188;-2;3;190
3;192;548;2022;658;1153;231;4;191
3;193;548;3175;658;35;-1;4;191
3;194;1206;2022;458;1188;-2;3;190
3;195;1206;2022;458;1153;255;4;194
3;196;1206;3175;458;35;-1;4;194
3;197;1664;2022;24;1188;-1;3;190
3;198;1688;0;600;3210;-2;1;178
3;199;1688;0;600;1867;-2;2;198
3;200;1688;0;548;1867;302;3;199
3;201;2236;0;52;1867;-1;3;199
3;202;1688;1867;600;1244;100;2;198
3;203;1688;3111;600;99;-1;2;198
3;204;2288;0;2190;3210;-2;1;178
3;205;2288;0;2190;620;-2;2;204
3;206;2288;0;1054;620;-2;3;205
3;207;2288;0;1054;600;129;4;206
3;208;2288;600;1054;20;-1;4;206
3;209;3342;0;1054;620;-2;3;205
3;210;3342;0;1054;600;130;4;209
3;211;3342;600;1054;20;-1;4;209
3;212;4396;0;82;620;-1;3;205
3;213;2288;620;2190;1414;-2;2;204
3;214;2288;620;730;1414;101;3;213
3;215;3018;620;730;1414;102;3;213
3;216;3748;620;730;1414;103;3;213
3;217;2288;2034;2190;582;-2;2;204
3;218;2288;2034;2105;582;303;3;217
3;219;4393;2034;85;582;-1;3;217
3;220;2288;2616;2190;594;-2;2;204
3;221;2288;2616;2022;594;-2;3;220
3;222;2288;2616;2022;570;6;4;221
3;223;2288;3186;2022;24;-1;4;221
3;224;4310;2616;168;594;-1;3;220
3;225;4478;0;1492;3210;-2;1;178
3;226;4478;0;1492;476;29;2;225
3;227;4478;476;1492;476;55;2;225
3;228;4478;952;1492;476;56;2;225
3;229;4478;1428;1492;724;57;2;225
3;230;4478;2152;1492;724;58;2;225
3;231;4478;2876;1492;334;-2;2;225
3;232;4478;2876;1115;334;-2;3;231
3;233;4478;2876;1115;310;7;4;232
3;234;4478;3186;1115;24;-1;4;232
3;235;5593;2876;377;334;-1;3;231
3;236;5970;0;30;3210;-1;1;178
4;237;0;0;6000;3210;-2;0;
4;238;0;0;2053;3210;-2;1;237
4;239;0;0;2053;522;232;2;238
4;240;0;522;2053;522;233;2;238
4;241;0;1044;2053;522;234;2;238
4;242;0;1566;2053;522;235;2;238
4;243;0;2088;2053;57;-1;2;238
4;244;0;2145;2053;522;236;2;238
4;245;0;2667;2053;522;237;2;238
4;246;0;3189;2053;21;-1;2;238
4;247;2053;0;1860;3210;-2;1;237
4;248;2053;0;1860;833;-2;2;247
4;249;2053;0;930;833;355;3;248
4;250;2983;0;930;833;356;3;248
4;251;2053;833;1860;1418;-2;2;247
4;252;2053;833;701;1418;276;3;251
4;253;2754;833;701;1418;277;3;251
4;254;3455;833;458;1418;-2;3;251
4;255;3455;833;458;1153;256;4;254
4;256;3455;1986;458;265;-1;4;254
4;257;2053;2251;1860;959;-2;2;247
4;258;2053;2251;790;959;-2;3;257
4;259;2053;2251;790;904;326;4;258
4;260;2053;3155;790;55;-1;4;258
4;261;2843;2251;790;959;-2;3;257
4;262;2843;2251;790;904;327;4;261
4;263;2843;3155;790;55;-1;4;261
4;264;3633;2251;20;959;-1;3;257
4;265;3653;2251;230;959;-2;3;257
4;266;3653;2251;230;860;304;4;265
4;267;3653;3111;230;99;-1;4;265
4;268;3883;2251;30;959;-1;3;257
4;269;3913;0;2053;3210;-2;1;237
4;270;3913;0;2053;522;257;2;269
4;271;3913;522;2053;722;258;2;269
4;272;3913;1244;2053;725;259;2;269
4;273;3913;1969;2053;476;-2;2;269
4;274;3913;1969;1492;476;30;3;273
4;275;5405;1969;525;476;-2;3;273
4;276;5405;1969;525;102;-1;4;275
4;277;5405;2071;525;374;85;4;275
4;278;5930;1969;36;476;-1;3;273
4;279;3913;2445;2053;725;260;2;269
4;280;3913;3170;2053;40;-1;2;269
4;281;5966;0;34;3210;-1;1;237
5;282;0;0;6000;3210;-2;0;
5;283;0;0;670;3210;-2;1;282
5;284;0;0;670;2022;-2;2;283
5;285;0;0;586;2022;86;3;284
5;286;586;0;84;2022;-1;3;284
5;287;0;2022;670;1153;261;2;283
5;288;0;3175;670;35;-1;2;283
5;289;670;0;2022;3210;-2;1;282
5;290;670;0;2022;586;87;2;289
5;291;670;586;2022;586;88;2;289
5;292;670;1172;2022;586;89;2;289
5;293;670;1758;2022;586;90;2;289
5;294;670;2344;2022;866;-2;2;289
5;295;670;2344;952;866;-2;3;294
5;296;670;2344;952;833;357;4;295
5;297;670;3177;952;33;-1;4;295
5;298;1622;2344;1002;866;-2;3;294
5;299;1622;2344;1002;833;358;4;298
5;300;1622;3177;1002;33;-1;4;298
5;301;2624;2344;68;866;-1;3;294
5;302;2692;0;1792;3210;-2;1;282
5;303;2692;0;1792;2022;-2;2;302
5;304;2692;0;586;2022;91;3;303
5;305;3278;0;586;2022;92;3;303
5;306;3864;0;586;2022;93;3;303
5;307;4450;0;34;2022;-1;3;303
5;308;2692;2022;1792;1188;-2;2;302
5;309;2692;2022;670;1188;-2;3;308
5;310;2692;2022;670;1153;262;4;309
5;311;2692;3175;670;35;-1;4;309
5;312;3362;2022;695;1188;-2;3;308
5;313;3362;2022;695;1153;238;4;312
5;314;3362;3175;695;35;-1;4;312
5;315;4057;2022;47;1188;-1;3;308
5;316;4104;2022;360;1188;-2;3;308
5;317;4104;2022;360;930;359;4;316
5;318;4104;2952;360;258;-1;4;316
5;319;4464;2022;20;1188;-1;3;308
5;320;4484;0;1490;3210;-2;1;282
5;321;4484;0;1490;540;-2;2;320
5;322;4484;0;1470;540;31;3;321
5;323;5954;0;20;540;-1;3;321
5;324;4484;540;1490;1492;-2;2;320
5;325;4484;540;724;1492;32;3;324
5;326;5208;540;724;1492;33;3;324
5;327;5932;540;42;1492;-1;3;324
5;328;4484;2032;1490;1178;-2;2;320
5;329;4484;2032;658;1178;-2;3;328
5;330;4484;2032;658;1153;263;4;329
5;331;4484;3185;658;25;-1;4;329
5;332;5142;2032;794;1178;-2;3;328
5;333;5142;2032;794;1144;159;4;332
5;334;5142;3176;794;34;-1;4;332
5;335;5936;2032;38;1178;-1;3;328
5;336;5974;0;26;3210;-1;1;282
6;337;0;0;6000;3210;-2;0;
6;338;0;0;1710;3210;-2;1;337
6;339;0;0;1710;2032;-2;2;338
6;340;0;0;570;2032;34;3;339
6;341;570;0;570;2032;35;3;339
6;342;1140;0;570;2032;36;3;339
6;343;0;2032;1710;1178;-2;2;338
6;344;0;2032;658;1178;-2;3;343
6;345;0;2032;658;1153;264;4;344
6;346;0;3185;658;25;-1;4;344
6;347;658;2032;658;1178;-2;3;343
6;348;658;2032;658;1153;265;4;347
6;349;658;3185;658;25;-1;4;347
6;350;1316;2032;360;1178;-2;3;343
6;351;1316;2032;360;1002;360;4;350
6;352;1316;3034;360;176;-1;4;350
6;353;1676;2032;34;1178;-1;3;343
6;354;1710;0;592;3210;-2;1;337
6;355;1710;0;592;1740;361;2;354
6;356;1710;1740;592;1470;-2;2;354
6;357;1710;1740;530;1470;59;3;356
6;358;2240;1740;62;1470;-1;3;356
6;359;2302;0;1390;3210;-2;1;337
6;360;2302;0;1390;2299;-2;2;359
6;361;2302;0;695;2299;-2;3;360
6;362;2302;0;695;2165;266;4;361
6;363;2302;2165;695;134;-1;4;361
6;364;2997;0;695;2299;-2;3;360
6;365;2997;0;695;2165;267;4;364
6;366;2997;2165;695;134;-1;4;364
6;367;2302;2299;1390;911;-2;2;359
6;368;2302;2299;1353;911;160;3;367
6;369;3655;2299;37;911;-1;3;367
6;370;3692;0;890;3210;-2;1;337
6;371;3692;0;890;1424;305;2;370
6;372;3692;1424;890;1786;-2;2;370
6;373;3692;1424;430;1786;-2;3;372
6;374;3692;1424;430;1731;362;4;373
6;375;3692;3155;430;55;-1;4;373
6;376;4122;1424;430;1786;-2;3;372
6;377;4122;1424;430;1731;363;4;376
6;378;4122;3155;430;55;-1;4;376
6;379;4552;1424;30;1786;-1;3;372
6;380;4582;0;723;3210;-2;1;337
6;381;4582;0;723;1903;-2;2;380
6;382;4582;0;695;1903;268;3;381
6;383;5277;0;28;1903;-1;3;381
6;384;4582;1903;723;1307;-2;2;380
6;385;4582;1903;103;1307;-1;3;384
6;386;4685;1903;600;1307;-2;3;384
6;387;4685;1903;600;1244;131;4;386
6;388;4685;3147;600;63;-1;4;386
6;389;5285;1903;20;1307;-1;3;384
6;390;5305;0;695;3210;-2;1;337
6;391;5305;0;695;1903;269;2;390
6;392;5305;1903;695;1153;239;2;390
6;393;5305;3056;695;154;-1;2;390
7;394;0;0;6000;3210;-2;0;
7;395;0;0;2053;3210;-2;1;394
7;396;0;0;2053;695;270;2;395
7;397;0;695;2053;586;-2;2;395
7;398;0;695;2002;586;37;3;397
7;399;2002;695;51;586;-1;3;397
7;400;0;1281;2053;695;271;2;395
7;401;0;1976;2053;586;-2;2;395
7;402;0;1976;2002;586;38;3;401
7;403;2002;1976;51;586;-1;3;401
7;404;0;2562;2053;648;-2;2;395
7;405;0;2562;2002;648;-2;3;404
7;406;0;2562;2002;62;-2;4;405
7;407;0;2624;2002;586;39;4;405
7;408;2002;2562;51;648;-1;3;404
7;409;2053;0;619;3210;-2;1;394
7;410;2053;0;619;530;-2;2;409
7;411;2053;0;374;530;94;3;410
7;412;2427;0;245;530;-1;3;410
7;413;2053;530;619;1646;-2;2;409
7;414;2053;530;20;1646;-1;3;413
7;415;2073;530;599;1646;364;3;413
7;416;2053;2176;619;374;-2;2;409
7;417;2053;2176;20;374;-1;3;416
7;418;2073;2176;530;374;95;3;416
7;419;2603;2176;69;374;-1;3;416
7;420;2053;2550;619;660;-2;2;409
7;421;2053;2550;592;660;-2;3;420
7;422;2053;2550;592;626;161;4;421
7;423;2053;3176;592;34;-1;4;421
7;424;2645;2550;27;660;-1;3;420
7;425;2672;0;722;3210;-2;1;394
7;426;2672;0;722;1012;-2;2;425
7;427;2672;0;699;1012;-2;3;426
7;428;2672;0;699;992;40;4;427
7;429;2672;992;699;20;-1;4;427
7;430;3371;0;23;1012;-1;3;426
7;431;2672;1012;722;1153;240;2;425
7;432;2672;2165;722;1045;-2;2;425
7;433;2672;2165;699;1045;-2;3;432
7;434;2672;2165;699;992;41;4;433
7;435;2672;3157;699;53;-1;4;433
7;436;3371;2165;23;1045;-1;3;432
7;437;3394;0;774;3210;-2;1;394
7;438;3394;0;774;1999;306;2;437
7;439;3394;1999;774;1211;-2;2;437
7;440;3394;1999;722;1211;-2;3;439
7;441;3394;1999;722;1153;241;4;440
7;442;3394;3152;722;58;-1;4;440
7;443;4116;1999;52;1211;-1;3;439
7;444;4168;0;1800;3210;-2;1;394
7;445;4168;0;1800;512;-2;2;444
7;446;4168;0;1724;512;176;3;445
7;447;5892;0;76;512;-1;3;445
7;448;4168;512;1800;952;-2;2;444
7;449;4168;512;890;952;307;3;448
7;450;5058;512;890;952;308;3;448
7;451;5948;512;20;952;-1;3;448
7;452;4168;1464;1800;1244;-2;2;444
7;453;4168;1464;600;1244;132;3;452
7;454;4768;1464;600;1244;133;3;452
7;455;5368;1464;600;1244;134;3;452
7;456;4168;2708;1800;502;-2;2;444
7;457;4168;2708;1492;502;-2;3;456
7;458;4168;2708;1492;476;60;4;457
7;459;4168;3184;1492;26;-1;4;457
7;460;5660;2708;308;502;-1;3;456
7;461;5968;0;32;3210;-1;1;394
8;462;0;0;6000;3210;-2;0;
8;463;0;0;496;3210;-2;1;462
8;464;0;0;496;560;-2;2;463
8;465;0;0;374;560;-2;3;464
8;466;0;0;374;530;96;4;465
8;467;0;530;374;30;-1;4;465
8;468;374;0;122;560;-1;3;464
8;469;0;560;496;1851;207;2;463
8;470;0;2411;496;799;-2;2;463
8;471;0;2411;374;799;-2;3;470
8;472;0;2411;374;530;97;4;471
8;473;0;2941;374;269;-1;4;471
8;474;374;2411;122;799;-1;3;470
8;475;496;0;1886;3210;-2;1;462
8;476;496;0;1886;2165;-2;2;475
8;477;496;0;695;2165;272;3;476
8;478;1191;0;695;2165;273;3;476
8;479;1886;0;496;2165;-2;3;476
8;480;1886;0;496;1851;208;4;479
8;481;1886;1851;496;314;-1;4;479
8;482;496;2165;1886;1045;-2;2;475
8;483;496;2165;49;1045;-1;3;482
8;484;545;2165;898;1045;-2;3;482
8;485;545;2165;898;1014;309;4;484
8;486;545;3179;898;31;-1;4;484
8;487;1443;2165;898;1045;-2;3;482
8;488;1443;2165;898;1014;310;4;487
8;489;1443;3179;898;31;-1;4;487
8;490;2341;2165;41;1045;-1;3;482
8;491;2382;0;1497;3210;-2;1;462
8;492;2382;0;1497;676;177;2;491
8;493;2382;676;1497;823;178;2;491
8;494;2382;1499;1497;824;-2;2;491
8;495;2382;1499;1434;824;278;3;494
8;496;3816;1499;63;824;-1;3;494
8;497;2382;2323;1497;823;179;2;491
8;498;2382;3146;1497;64;-1;2;491
8;499;3879;0;982;3210;-2;1;462
8;500;3879;0;982;1127;-2;2;499
8;501;3879;0;946;1127;162;3;500
8;502;4825;0;36;1127;-1;3;500
8;503;3879;1127;982;1183;-2;2;499
8;504;3879;1127;913;1183;328;3;503
8;505;4792;1127;69;1183;-1;3;503
8;506;3879;2310;982;177;-1;2;499
8;507;3879;2487;982;723;42;2;499
8;508;4861;0;1139;3210;-2;1;462
8;509;4861;0;1139;708;-2;2;508
8;510;4861;0;1115;708;8;3;509
8;511;5976;0;24;708;-1;3;509
8;512;4861;708;1139;239;-2;2;508
8;513;4861;708;1022;239;311;3;512
8;514;5883;708;117;239;-1;3;512
8;515;4861;947;1139;600;-2;2;508
8;516;4861;947;1054;600;135;3;515
8;517;5915;947;85;600;-1;3;515
8;518;4861;1547;1139;1663;-2;2;508
8;519;4861;1547;599;1663;-2;3;518
8;520;4861;1547;599;1626;365;4;519
8;521;4861;3173;599;37;-1;4;519
8;522;5460;1547;34;1663;-1;3;518
8;523;5494;1547;476;1663;-2;3;518
8;524;5494;1547;476;1492;61;4;523
8;525;5494;3039;476;171;-1;4;523
8;526;5970;1547;30;1663;-1;3;518
9;527;0;0;6000;3210;-2;0;
9;528;0;0;2439;3210;-2;1;527
9;529;0;0;2439;2083;-2;2;528
9;530;0;0;613;2083;329;3;529
9;531;613;0;913;2083;330;3;529
9;532;1526;0;913;2083;331;3;529
9;533;0;2083;2439;1127;-2;2;528
9;534;0;2083;966;1127;163;3;533
9;535;966;2083;600;1127;-2;3;533
9;536;966;2083;600;1054;136;4;535
9;537;966;3137;600;73;-1;4;535
9;538;1566;2083;600;1127;-2;3;533
9;539;1566;2083;600;1054;137;4;538
9;540;1566;3137;600;73;-1;4;538
9;541;2166;2083;239;1127;-2;3;533
9;542;2166;2083;239;1022;312;4;541
9;543;2166;3105;239;105;-1;4;541
9;544;2405;2083;34;1127;-1;3;533
9;545;2439;0;1014;3210;-2;1;527
9;546;2439;0;1014;898;313;2;545
9;547;2439;898;1014;103;-1;2;545
9;548;2439;1001;1014;659;-2;2;545
9;549;2439;1001;992;659;43;3;548
9;550;3431;1001;22;659;-1;3;548
9;551;2439;1660;1014;823;-2;2;545
9;552;2439;1660;983;823;9;3;551
9;553;3422;1660;31;823;-1;3;551
9;554;2439;2483;1014;727;-2;2;545
9;555;2439;2483;992;727;-2;3;554
9;556;2439;2483;992;699;44;4;555
9;557;2439;3182;992;28;-1;4;555
9;558;3431;2483;22;727;-1;3;554
9;559;3453;0;1153;3210;-2;1;527
9;560;3453;0;1153;477;-2;2;559
9;561;3453;0;1085;477;-2;3;560
9;562;3453;0;1085;451;366;4;561
9;563;3453;451;1085;26;-1;4;561
9;564;4538;0;68;477;-1;3;560
9;565;3453;477;1153;656;274;2;559
9;566;3453;1133;1153;722;242;2;559
9;567;3453;1855;1153;725;243;2;559
9;568;3453;2580;1153;630;-2;2;559
9;569;3453;2580;1054;630;-2;3;568
9;570;3453;2580;1054;600;138;4;569
9;571;3453;3180;1054;30;-1;4;569
9;572;4507;2580;99;630;-1;3;568
9;573;4606;0;1342;3210;-2;1;527
9;574;4606;0;1342;492;-2;2;573
9;575;4606;0;1285;492;279;3;574
9;576;5891;0;57;492;-1;3;574
9;577;4606;492;1342;492;-2;2;573
9;578;4606;492;1285;492;280;3;577
9;579;5891;492;57;492;-1;3;577
9;580;4606;984;1342;492;-2;2;573
9;581;4606;984;1285;492;281;3;580
9;582;5891;984;57;492;-1;3;580
9;583;4606;1476;1342;492;-2;2;573
9;584;4606;1476;1285;492;282;3;583
9;585;5891;1476;57;492;-1;3;583
9;586;4606;1968;1342;492;-2;2;573
9;587;4606;1968;1285;492;283;3;586
9;588;5891;1968;57;492;-1;3;586
9;589;4606;2460;1342;750;-2;2;573
9;590;4606;2460;972;750;-2;3;589
9;591;4606;2460;972;729;45;4;590
9;592;4606;3189;972;21;-1;4;590
9;593;5578;2460;370;750;-2;3;589
9;594;5578;2460;370;730;46;4;593
9;595;5578;3190;370;20;-1;4;593
9;596;5948;0;52;3210;-1;1;527
10;597;0;0;6000;3210;-2;0;
10;598;0;0;1194;3210;-2;1;597
10;599;0;0;1194;1627;-2;2;598
10;600;0;0;1166;1627;164;3;599
10;601;1166;0;28;1627;-1;3;599
10;602;0;1627;1194;820;10;2;598
10;603;0;2447;1194;763;-2;2;598
10;604;0;2447;1153;763;-2;3;603
10;605;0;2447;1153;725;244;4;604
10;606;0;3172;1153;38;-1;4;604
10;607;1153;2447;41;763;-1;3;603
10;608;1194;0;2888;3210;-2;1;597
10;609;1194;0;2888;1627;-2;2;608
10;610;1194;0;956;1627;165;3;609
10;611;2150;0;966;1627;166;3;609
10;612;3116;0;966;1627;167;3;609
10;613;1194;1627;2888;998;-2;2;608
10;614;1194;1627;1404;998;367;3;613
10;615;2598;1627;1404;998;368;3;613
10;616;4002;1627;80;998;-1;3;613
10;617;1194;2625;2888;585;-2;2;608
10;618;1194;2625;1827;585;-2;3;617
10;619;1194;2625;1827;543;369;4;618
10;620;1194;3168;1827;42;-1;4;618
10;621;3021;2625;1012;585;-2;3;617
10;622;3021;2625;1012;476;47;4;621
10;623;3021;3101;1012;109;-1;4;621
10;624;4033;2625;49;585;-1;3;617
10;625;4082;0;695;3210;-2;1;597
10;626;4082;0;695;2053;245;2;625
10;627;4082;2053;695;1157;-2;2;625
10;628;4082;2053;674;1157;-2;3;627
10;629;4082;2053;674;930;98;4;628
10;630;4082;2983;674;227;-1;4;628
10;631;4756;2053;21;1157;-1;3;627
10;632;4777;0;1223;3210;-2;1;597
10;633;4777;0;1223;1054;-2;2;632
10;634;4777;0;600;1054;139;3;633
10;635;5377;0;600;1054;140;3;633
10;636;5977;0;23;1054;-1;3;633
10;637;4777;1054;1223;820;-2;2;632
10;638;4777;1054;1194;820;11;3;637
10;639;5971;1054;29;820;-1;3;637
10;640;4777;1874;1223;820;-2;2;632
10;641;4777;1874;1194;820;12;3;640
10;642;5971;1874;29;820;-1;3;640
10;643;4777;2694;1223;516;-2;2;632
10;644;4777;2694;1157;516;-2;3;643
10;645;4777;2694;1157;489;168;4;644
10;646;4777;3183;1157;27;-1;4;644
10;647;5934;2694;66;516;-1;3;643
11;648;0;0;6000;3210;-2;0;
11;649;0;0;1127;3210;-2;1;648
11;650;0;0;1127;1285;-2;2;649
11;651;0;0;492;1285;284;3;650
11;652;492;0;60;1285;-1;3;650
11;653;552;0;575;1285;-2;3;650
11;654;552;0;575;1241;209;4;653
11;655;552;1241;575;44;-1;4;653
11;656;0;1285;1127;671;-2;2;649
11;657;0;1285;1100;671;285;3;656
11;658;1100;1285;27;671;-1;3;656
11;659;0;1956;1127;600;-2;2;649
11;660;0;1956;1054;600;141;3;659
11;661;1054;1956;73;600;-1;3;659
11;662;0;2556;1127;654;-2;2;649
11;663;0;2556;1054;654;-2;3;662
11;664;0;2556;1054;54;-2;4;663
11;665;0;2610;1054;600;142;4;663
11;666;1054;2556;73;654;-1;3;662
11;667;1127;0;1390;3210;-2;1;648
11;668;1127;0;1390;2053;-2;2;667
11;669;1127;0;695;2053;246;3;668
11;670;1822;0;695;2053;247;3;668
11;671;1127;2053;1390;1157;-2;2;667
11;672;1127;2053;671;1157;-2;3;671
11;673;1127;2053;671;1100;286;4;672
11;674;1127;3153;671;57;-1;4;672
11;675;1798;2053;671;1157;-2;3;671
11;676;1798;2053;671;1100;287;4;675
11;677;1798;3153;671;57;-1;4;675
11;678;2469;2053;48;1157;-1;3;671
11;679;2517;0;933;3210;-2;1;648
11;680;2517;0;933;1933;-2;2;679
11;681;2517;0;913;1933;332;3;680
11;682;3430;0;20;1933;-1;3;680
11;683;2517;1933;933;1277;-2;2;679
11;684;2517;1933;600;1277;-2;3;683
11;685;2517;1933;600;1244;143;4;684
11;686;2517;3177;600;33;-1;4;684
11;687;3117;1933;333;1277;-2;3;683
11;688;3117;1933;333;1142;288;4;687
11;689;3117;3075;333;135;-1;4;687
11;690;3450;0;724;3210;-2;1;648
11;691;3450;0;724;1492;62;2;690
11;692;3450;1492;724;1492;63;2;690
11;693;3450;2984;724;226;-1;2;690
11;694;4174;0;1778;3210;-2;1;648
11;695;4174;0;1778;346;-2;2;694
11;696;4174;0;1755;346;180;3;695
11;697;5929;0;23;346;-1;3;695
11;698;4174;346;1778;437;-2;2;694
11;699;4174;346;1754;437;370;3;698
11;700;5928;346;24;437;-1;3;698
11;701;4174;783;1778;2042;-2;2;694
11;702;4174;783;586;2042;-2;3;701
11;703;4174;783;586;20;-2;4;702
11;704;4174;803;586;2022;64;4;702
11;705;4760;783;586;2042;-2;3;701
11;706;4760;783;586;20;-1;4;705
11;707;4760;803;586;2022;65;4;705
11;708;5346;783;586;2042;-2;3;701
11;709;5346;783;586;20;-1;4;708
11;710;5346;803;586;2022;66;4;708
11;711;5932;783;20;2042;-1;3;701
11;712;4174;2825;1778;385;-2;2;694
11;713;4174;2825;1755;385;-2;3;712
11;714;4174;2825;1755;346;181;4;713
11;715;4174;3171;1755;39;-1;4;713
11;716;5929;2825;23;385;-1;3;712
11;717;5952;0;48;3210;-1;1;648
12;718;0;0;6000;3210;-2;0;
12;719;0;0;476;3210;-2;1;718
12;720;0;0;476;1012;48;2;719
12;721;0;1012;476;1012;49;2;719
12;722;0;2024;476;1186;-2;2;719
12;723;0;2024;333;1186;-2;3;722
12;724;0;2024;333;1142;289;4;723
12;725;0;3166;333;44;-1;4;723
12;726;333;2024;143;1186;-1;3;722
12;727;476;0;1915;3210;-2;1;718
12;728;476;0;1915;572;-2;2;727
12;729;476;0;21;572;-1;3;728
12;730;497;0;1755;572;-2;3;728
12;731;497;0;1755;552;182;4;730
12;732;497;552;1755;20;-1;4;730
12;733;2252;0;139;572;-1;3;728
12;734;476;572;1915;552;-2;2;727
12;735;476;572;1755;552;183;3;734
12;736;2231;572;160;552;-1;3;734
12;737;476;1124;1915;2086;-2;2;727
12;738;476;1124;695;2086;-2;3;737
12;739;476;1124;695;2053;248;4;738
12;740;476;3177;695;33;-1;4;738
12;741;1171;1124;695;2086;-2;3;737
12;742;1171;1124;695;2053;249;4;741
12;743;1171;3177;695;33;-1;4;741
12;744;1866;1124;525;2086;-2;3;737
12;745;1866;1124;525;1811;290;4;744
12;746;1866;2935;525;275;-1;4;744
12;747;2391;0;2195;3210;-2;1;718
12;748;2391;0;2195;913;-2;2;747
12;749;2391;0;2083;913;333;3;748
12;750;4474;0;112;913;-1;3;748
12;751;2391;913;2195;913;334;2;747
12;752;2391;1826;2195;913;335;2;747
12;753;2391;2739;2195;471;-2;2;747
12;754;2391;2739;1872;471;-2;3;753
12;755;2391;2739;1872;412;336;4;754
12;756;2391;3151;1872;59;-1;4;754
12;757;4263;2739;323;471;-1;3;753
12;758;4586;0;1414;3210;-2;1;718
12;759;4586;0;1414;730;104;2;758
12;760;4586;730;1414;200;-2;2;758
12;761;4586;730;1133;200;337;3;760
12;762;5719;730;281;200;-1;3;760
12;763;4586;930;1414;23;-1;2;758
12;764;4586;953;1414;745;105;2;758
12;765;4586;1698;1414;745;106;2;758
12;766;4586;2443;1414;745;107;2;758
12;767;4586;3188;1414;22;-1;2;758
13;768;0;0;6000;3210;-2;0;
13;769;0;0;1811;3210;-2;1;768
13;770;0;0;1811;525;291;2;769
13;771;0;525;1811;492;-2;2;769
13;772;0;525;1777;492;292;3;771
13;773;1777;525;34;492;-1;3;771
13;774;0;1017;1811;436;-2;2;769
13;775;0;1017;1755;436;184;3;774
13;776;1755;1017;56;436;-1;3;774
13;777;0;1453;1811;492;-2;2;769
13;778;0;1453;1777;492;293;3;777
13;779;1777;1453;34;492;-1;3;777
13;780;0;1945;1811;1265;-2;2;769
13;781;0;1945;600;1265;-2;3;780
13;782;0;1945;600;1244;144;4;781
13;783;0;3189;600;21;-1;4;781
13;784;600;1945;600;1265;-2;3;780
13;785;600;1945;600;1244;145;4;784
13;786;600;3189;600;21;-1;4;784
13;787;1200;1945;575;1265;-2;3;780
13;788;1200;1945;575;1241;210;4;787
13;789;1200;3186;575;24;-1;4;787
13;790;1775;1945;36;1265;-1;3;780
13;791;1811;0;1444;3210;-2;1;768
13;792;1811;0;1444;2053;-2;2;791
13;793;1811;0;722;2053;294;3;792
13;794;2533;0;722;2053;295;3;792
13;795;1811;2053;1444;1157;-2;2;791
13;796;1811;2053;489;1157;169;3;795
13;797;2300;2053;898;1157;-2;3;795
13;798;2300;2053;898;974;314;4;797
13;799;2300;3027;898;183;-1;4;797
13;800;3198;2053;57;1157;-1;3;795
13;801;3255;0;522;3210;-2;1;768
13;802;3255;0;522;2053;296;2;801
13;803;3255;2053;522;1157;-2;2;801
13;804;3255;2053;489;1157;170;3;803
13;805;3744;2053;33;1157;-1;3;803
13;806;3777;0;522;3210;-2;1;768
13;807;3777;0;522;2053;297;2;806
13;808;3777;2053;522;1157;-2;2;806
13;809;3777;2053;489;1157;171;3;808
13;810;4266;2053;33;1157;-1;3;808
13;811;4299;0;586;3210;-2;1;768
13;812;4299;0;586;2022;67;2;811
13;813;4299;2022;586;1188;-2;2;811
13;814;4299;2022;489;1188;-2;3;813
13;815;4299;2022;489;1157;172;4;814
13;816;4299;3179;489;31;-1;4;814
13;817;4788;2022;97;1188;-1;3;813
13;818;4885;0;1089;3210;-2;1;768
13;819;4885;0;1089;239;-2;2;818
13;820;4885;0;1022;239;315;3;819
13;821;5907;0;67;239;-1;3;819
13;822;4885;239;1089;456;-2;2;818
13;823;4885;239;805;456;371;3;822
13;824;5690;239;284;456;-1;3;822
13;825;4885;695;1089;1244;-2;2;818
13;826;4885;695;600;1244;146;3;825
13;827;5485;695;489;1244;-2;3;825
13;828;5485;695;489;1157;173;4;827
13;829;5485;1852;489;87;-1;4;827
13;830;4885;1939;1089;1271;-2;2;818
13;831;4885;1939;600;1271;-2;3;830
13;832;4885;1939;600;1244;147;4;831
13;833;4885;3183;600;27;-1;4;831
13;834;5485;1939;489;1271;-2;3;830
13;835;5485;1939;489;114;-1;4;834
13;836;5485;2053;489;1157;174;4;834
13;837;5974;0;26;3210;-1;1;768
14;838;0;0;6000;3210;-2;0;
14;839;0;0;1755;3210;-2;1;838
14;840;0;0;1755;436;185;2;839
14;841;0;436;1755;1504;-2;2;839
14;842;0;436;790;1504;372;3;841
14;843;790;436;745;1504;-2;3;841
14;844;790;436;745;1414;108;4;843
14;845;790;1850;745;90;-1;4;843
14;846;1535;436;200;1504;-2;3;841
14;847;1535;436;200;371;-1;4;846
14;848;1535;807;200;1133;338;4;846
14;849;1735;436;20;1504;-1;3;841
14;850;0;1940;1755;612;186;2;839
14;851;0;2552;1755;612;187;2;839
14;852;0;3164;1755;46;-1;2;839
14;853;1755;0;1799;3210;-2;1;838
14;854;1755;0;1799;2022;-2;2;853
14;855;1755;0;586;2022;68;3;854
14;856;2341;0;586;2022;69;3;854
14;857;2927;0;586;2022;70;3;854
14;858;3513;0;41;2022;-1;3;854
14;859;1755;2022;1799;1188;-2;2;853
14;860;1755;2022;659;1188;-2;3;859
14;861;1755;2022;659;1110;109;4;860
14;862;1755;3132;659;78;-1;4;860
14;863;2414;2022;659;1188;-2;3;859
14;864;2414;2022;659;1110;110;4;863
14;865;2414;3132;659;78;-1;4;863
14;866;3073;2022;481;1188;-2;3;859
14;867;3073;2022;481;1130;111;4;866
14;868;3073;3152;481;58;-1;4;866
14;869;3554;0;775;3210;-2;1;838
14;870;3554;0;775;1359;-2;2;869
14;871;3554;0;720;1359;13;3;870
14;872;4274;0;55;1359;-1;3;870
14;873;3554;1359;775;892;-2;2;869
14;874;3554;1359;724;892;71;3;873
14;875;4278;1359;51;892;-1;3;873
14;876;3554;2251;775;880;339;2;869
14;877;3554;3131;775;79;-1;2;869
14;878;4329;0;489;3210;-2;1;838
14;879;4329;0;489;1050;14;2;878
14;880;4329;1050;489;1050;15;2;878
14;881;4329;2100;489;1050;16;2;878
14;882;4329;3150;489;60;-1;2;878
14;883;4818;0;1182;3210;-2;1;838
14;884;4818;0;1182;481;-2;2;883
14;885;4818;0;1130;481;112;3;884
14;886;5948;0;52;481;-1;3;884
14;887;4818;481;1182;239;-2;2;883
14;888;4818;481;1022;239;316;3;887
14;889;5840;481;160;239;-1;3;887
14;890;4818;720;1182;655;-2;2;883
14;891;4818;720;20;655;-1;3;890
14;892;4838;720;1130;655;-2;3;890
14;893;4838;720;1130;174;-2;4;892
14;894;4838;894;1130;481;113;4;892
14;895;5968;720;32;655;-1;3;890
14;896;4818;1375;1182;481;-2;2;883
14;897;4818;1375;1130;481;114;3;896
14;898;5948;1375;52;481;-1;3;896
14;899;4818;1856;1182;1354;-2;2;883
14;900;4818;1856;575;1354;-2;3;899
14;901;4818;1856;575;1241;211;4;900
14;902;4818;3097;575;113;-1;4;900
14;903;5393;1856;582;1354;-2;3;899
14;904;5393;1856;582;1333;212;4;903
14;905;5393;3189;582;21;-1;4;903
14;906;5975;1856;25;1354;-1;3;899
15;907;0;0;6000;3210;-2;0;
15;908;0;0;522;3210;-2;1;907
15;909;0;0;522;2053;298;2;908
15;910;0;2053;522;1157;-2;2;908
15;911;0;2053;481;1157;-2;3;910
15;912;0;2053;481;1130;115;4;911
15;913;0;3183;481;27;-1;4;911
15;914;481;2053;41;1157;-1;3;910
15;915;522;0;1464;3210;-2;1;907
15;916;522;0;1464;1459;373;2;915
15;917;522;1459;1464;1130;-2;2;915
15;918;522;1459;481;1130;116;3;917
15;919;1003;1459;481;1130;117;3;917
15;920;1484;1459;481;1130;118;3;917
15;921;1965;1459;21;1130;-1;3;917
15;922;522;2589;1464;621;-2;2;915
15;923;522;2589;1333;621;-2;3;922
15;924;522;2589;1333;582;213;4;923
15;925;522;3171;1333;39;-1;4;923
15;926;1855;2589;131;621;-1;3;922
15;927;1986;0;1120;3210;-2;1;907
15;928;1986;0;1120;764;317;2;927
15;929;1986;764;1120;1353;-2;2;927
15;930;1986;764;582;1353;-2;3;929
15;931;1986;764;582;1333;214;4;930
15;932;1986;2097;582;20;-1;4;930
15;933;2568;764;84;1353;-1;3;929
15;934;2652;764;411;1353;188;3;929
15;935;3063;764;43;1353;-1;3;929
15;936;1986;2117;1120;529;-2;2;927
15;937;1986;2117;1080;529;318;3;936
15;938;3066;2117;40;529;-1;3;936
15;939;1986;2646;1120;564;-2;2;927
15;940;1986;2646;1080;564;-2;3;939
15;941;1986;2646;1080;529;319;4;940
15;942;1986;3175;1080;35;-1;4;940
15;943;3066;2646;40;564;-1;3;939
15;944;3106;0;1268;3210;-2;1;907
15;945;3106;0;1268;642;-2;2;944
15;946;3106;0;1244;642;-2;3;945
15;947;3106;0;1244;600;148;4;946
15;948;3106;600;1244;42;-1;4;946
15;949;4350;0;24;642;-1;3;945
15;950;3106;642;1268;481;-2;2;944
15;951;3106;642;118;481;-1;3;950
15;952;3224;642;1130;481;119;3;950
15;953;4354;642;20;481;-1;3;950
15;954;3106;1123;1268;490;-2;2;944
15;955;3106;1123;1161;490;-2;3;954
15;956;3106;1123;1161;20;-2;4;955
15;957;3106;1143;1161;470;189;4;955
15;958;4267;1123;107;490;-1;3;954
15;959;3106;1613;1268;600;-2;2;944
15;960;3106;1613;1244;600;149;3;959
15;961;4350;1613;24;600;-1;3;959
15;962;3106;2213;1268;470;-2;2;944
15;963;3106;2213;1161;470;190;3;962
15;964;4267;2213;107;470;-1;3;962
15;965;3106;2683;1268;527;-2;2;944
15;966;3106;2683;1161;527;-2;3;965
15;967;3106;2683;1161;470;191;4;966
15;968;3106;3153;1161;57;-1;4;966
15;969;4267;2683;107;527;-1;3;965
15;970;4374;0;548;3210;-2;1;907
15;971;4374;0;548;2053;-2;2;970
15;972;4374;0;522;2053;299;3;971
15;973;4896;0;26;2053;-1;3;971
15;974;4374;2053;548;1130;120;2;970
15;975;4374;3183;548;27;-1;2;970
15;976;4922;0;1078;3210;-2;1;907
15;977;4922;0;1078;489;-2;2;976
15;978;4922;0;1050;489;17;3;977
15;979;5972;0;28;489;-1;3;977
15;980;4922;489;1078;1522;-2;2;976
15;981;4922;489;353;1522;18;3;980
15;982;5275;489;725;1522;-2;3;980
15;983;5275;489;725;1483;215;4;982
15;984;5275;1972;725;39;-1;4;982
15;985;4922;2011;1078;1199;-2;2;976
15;986;4922;2011;470;1199;-2;3;985
15;987;4922;2011;470;1161;192;4;986
15;988;4922;3172;470;38;-1;4;986
15;989;5392;2011;548;1199;-2;3;985
15;990;5392;2011;548;1130;121;4;989
15;991;5392;3141;548;69;-1;4;989
15;992;5940;2011;60;1199;-1;3;985
16;993;0;0;6000;3210;-2;0;
16;994;0;0;725;3210;-2;1;993
16;995;0;0;725;1483;216;2;994
16;996;0;1483;725;1483;217;2;994
16;997;0;2966;725;244;-1;2;994
16;998;725;0;916;3210;-2;1;993
16;999;725;0;916;1198;-2;2;998
16;1000;725;0;874;1198;218;3;999
16;1001;1599;0;42;1198;-1;3;999
16;1002;725;1198;916;1218;-2;2;998
16;1003;725;1198;874;1218;219;3;1002
16;1004;1599;1198;42;1218;-1;3;1002
16;1005;725;2416;916;745;193;2;998
16;1006;725;3161;916;49;-1;2;998
16;1007;1641;0;1862;3210;-2;1;993
16;1008;1641;0;1862;745;-2;2;1007
16;1009;1641;0;916;745;194;3;1008
16;1010;2557;0;916;745;195;3;1008
16;1011;3473;0;30;745;-1;3;1008
16;1012;1641;745;1862;1098;-2;2;1007
16;1013;1641;745;874;1098;220;3;1012
16;1014;2515;745;874;1098;221;3;1012
16;1015;3389;745;114;1098;-1;3;1012
16;1016;1641;1843;1862;792;-2;2;1007
16;1017;1641;1843;1842;792;196;3;1016
16;1018;3483;1843;20;792;-1;3;1016
16;1019;1641;2635;1862;575;-2;2;1007
16;1020;1641;2635;876;575;-2;3;1019
16;1021;1641;2635;876;544;19;4;1020
16;1022;1641;3179;876;31;-1;4;1020
16;1023;2517;2635;876;575;-2;3;1019
16;1024;2517;2635;876;544;20;4;1023
16;1025;2517;3179;876;31;-1;4;1023
16;1026;3393;2635;110;575;-1;3;1019
16;1027;3503;0;1075;3210;-2;1;993
16;1028;3503;0;1075;1310;-2;2;1027
16;1029;3503;0;516;1310;197;3;1028
16;1030;4019;0;516;1310;198;3;1028
16;1031;4535;0;43;1310;-1;3;1028
16;1032;3503;1310;1075;922;21;2;1027
16;1033;3503;2232;1075;922;22;2;1027
16;1034;3503;3154;1075;56;-1;2;1027
16;1035;4578;0;1422;3210;-2;1;993
16;1036;4578;0;1422;1456;23;2;1035
16;1037;4578;1456;1422;1210;-2;2;1035
16;1038;4578;1456;1300;1210;222;3;1037
16;1039;5878;1456;122;1210;-1;3;1037
16;1040;4578;2666;1422;544;-2;2;1035
16;1041;4578;2666;1310;544;-2;3;1040
16;1042;4578;2666;1310;516;199;4;1041
16;1043;4578;3182;1310;28;-1;4;1041
16;1044;5888;2666;112;544;-1;3;1040
17;1045;0;0;6000;3210;-2;0;
17;1046;0;0;753;3210;-2;1;1045
17;1047;0;0;753;1013;320;2;1046
17;1048;0;1013;753;1013;321;2;1046
17;1049;0;2026;753;1184;-2;2;1046
17;1050;0;2026;674;1184;-2;3;1049
17;1051;0;2026;674;930;99;4;1050
17;1052;0;2956;674;254;-1;4;1050
17;1053;674;2026;79;1184;-1;3;1049
17;1054;753;0;295;3210;-2;1;1045
17;1055;753;0;295;2384;322;2;1054
17;1056;753;2384;295;826;-1;2;1054
17;1057;1048;0;568;3210;-2;1;1045
17;1058;1048;0;568;1130;-2;2;1057
17;1059;1048;0;20;1130;-1;3;1058
17;1060;1068;0;548;1130;122;3;1058
17;1061;1048;1130;568;953;-2;2;1057
17;1062;1048;1130;515;953;223;3;1061
17;1063;1563;1130;53;953;-1;3;1061
17;1064;1048;2083;568;1127;-2;2;1057
17;1065;1048;2083;515;1127;-2;3;1064
17;1066;1048;2083;515;953;224;4;1065
17;1067;1048;3036;515;174;-1;4;1065
17;1068;1563;2083;53;1127;-1;3;1064
17;1069;1616;0;648;3210;-2;1;1045
17;1070;1616;0;648;1105;123;2;1069
17;1071;1616;1105;648;1105;124;2;1069
17;1072;1616;2210;648;1000;-2;2;1069
17;1073;1616;2210;590;1000;-2;3;1072
17;1074;1616;2210;590;904;374;4;1073
17;1075;1616;3114;590;96;-1;4;1073
17;1076;2206;2210;58;1000;-1;3;1072
17;1077;2264;0;912;3210;-2;1;1045
17;1078;2264;0;912;724;-2;2;1077
17;1079;2264;0;892;724;72;3;1078
17;1080;3156;0;20;724;-1;3;1078
17;1081;2264;724;912;724;73;2;1077
17;1082;2264;1448;912;775;-2;2;1077
17;1083;2264;1448;880;775;340;3;1082
17;1084;3144;1448;32;775;-1;3;1082
17;1085;2264;2223;912;987;-2;2;1077
17;1086;2264;2223;880;987;-2;3;1085
17;1087;2264;2223;880;775;341;4;1086
17;1088;2264;2998;880;212;-1;4;1086
17;1089;3144;2223;32;987;-1;3;1085
17;1090;3176;0;1330;3210;-2;1;1045
17;1091;3176;0;1330;492;-2;2;1090
17;1092;3176;0;1285;492;323;3;1091
17;1093;4461;0;45;492;-1;3;1091
17;1094;3176;492;1330;492;-2;2;1090
17;1095;3176;492;1285;492;324;3;1094
17;1096;4461;492;45;492;-1;3;1094
17;1097;3176;984;1330;1451;-2;2;1090
17;1098;3176;984;607;1451;-2;3;1097
17;1099;3176;984;607;1398;342;4;1098
17;1100;3176;2382;607;53;-1;4;1098
17;1101;3783;984;607;1451;-2;3;1097
17;1102;3783;984;607;53;-1;4;1101
17;1103;3783;1037;607;1398;343;4;1101
17;1104;4390;984;116;1451;-1;3;1097
17;1105;3176;2435;1330;660;344;2;1090
17;1106;3176;3095;1330;115;-1;2;1090
17;1107;4506;0;1458;3210;-2;1;1045
17;1108;4506;0;1458;1527;-2;2;1107
17;1109;4506;0;839;1527;345;3;1108
17;1110;5345;0;79;1527;-1;3;1108
17;1111;5424;0;540;1527;-2;3;1108
17;1112;5424;0;540;1470;74;4;1111
17;1113;5424;1470;540;57;-1;4;1111
17;1114;4506;1527;1458;1683;-2;2;1107
17;1115;4506;1527;1422;1683;-2;3;1114
17;1116;4506;1527;1422;1456;24;4;1115
17;1117;4506;2983;1422;227;-1;4;1115
17;1118;5928;1527;36;1683;-1;3;1114
17;1119;5964;0;36;3210;-1;1;1045
18;1120;0;0;6000;3210;-2;0;
18;1121;0;0;839;3210;-2;1;1120
18;1122;0;0;839;1527;346;2;1121
18;1123;0;1527;839;1527;347;2;1121
18;1124;0;3054;839;156;-1;2;1121
18;1125;839;0;839;3210;-2;1;1120
18;1126;839;0;839;1527;348;2;1125
18;1127;839;1527;839;1683;-2;2;1125
18;1128;839;1527;712;1683;-2;3;1127
18;1129;839;1527;712;1527;349;4;1128
18;1130;839;3054;712;156;-1;4;1128
18;1131;1551;1527;127;1683;-1;3;1127
18;1132;1678;0;4322;3210;-3;1;1120
