PLATE_ID;NODE_ID;X;Y;WIDTH;HEIGHT;TYPE;CUT;PARENT
0;0;0;0;6000;3210;-2;0;
0;1;0;0;1070;3210;-2;1;0
0;2;0;0;1070;1714;-2;2;1
0;3;0;0;523;1714;224;3;2
0;4;523;0;523;1714;225;3;2
0;5;1046;0;24;1714;-1;3;2
0;6;0;1714;1070;446;-2;2;1
0;7;0;1714;1019;446;281;3;6
0;8;1019;1714;51;446;-1;3;6
0;9;0;2160;1070;348;-2;2;1
0;10;0;2160;1018;348;36;3;9
0;11;1018;2160;52;348;-1;3;9
0;12;0;2508;1070;348;-2;2;1
0;13;0;2508;1018;348;37;3;12
0;14;1018;2508;52;348;-1;3;12
0;15;0;2856;1070;97;-1;2;1
0;16;0;2953;1070;257;64;2;1
0;17;1070;0;1464;3210;-2;1;0
0;18;1070;0;1464;688;185;2;17
0;19;1070;688;1464;688;186;2;17
0;20;1070;1376;1464;299;-2;2;17
0;21;1070;1376;1414;299;309;3;20
0;22;2484;1376;50;299;-1;3;20
0;23;1070;1675;1464;512;-2;2;17
0;24;1070;1675;1412;512;122;3;23
0;25;2482;1675;52;512;-1;3;23
0;26;1070;2187;1464;475;-2;2;17
0;27;1070;2187;1403;475;92;3;26
0;28;2473;2187;61;475;-1;3;26
0;29;1070;2662;1464;548;-2;2;17
0;30;1070;2662;664;548;-2;3;29
0;31;1070;2662;664;523;226;4;30
0;32;1070;3185;664;25;-1;4;30
0;33;1734;2662;20;548;-1;3;29
0;34;1754;2662;664;548;-2;3;29
0;35;1754;2662;664;523;227;4;34
0;36;1754;3185;664;25;-1;4;34
0;37;2418;2662;116;548;-1;3;29
0;38;2534;0;321;3210;-2;1;0
0;39;2534;0;321;1070;65;2;38
0;40;2534;1070;321;1070;66;2;38
0;41;2534;2140;321;1070;-2;2;38
0;42;2534;2140;257;1070;67;3;41
0;43;2791;2140;64;1070;-1;3;41
0;44;2855;0;512;3210;-2;1;0
0;45;2855;0;512;1040;-2;2;44
0;46;2855;0;446;1040;-2;3;45
0;47;2855;0;446;1019;282;4;46
0;48;2855;1019;446;21;-1;4;46
0;49;3301;0;66;1040;-1;3;45
0;50;2855;1040;512;1310;360;2;44
0;51;2855;2350;512;860;-2;2;44
0;52;2855;2350;465;860;-2;3;51
0;53;2855;2350;465;779;340;4;52
0;54;2855;3129;465;81;-1;4;52
0;55;3320;2350;47;860;-1;3;51
0;56;3367;0;1046;3210;-2;1;0
0;57;3367;0;1046;1714;-2;2;56
0;58;3367;0;523;1714;228;3;57
0;59;3890;0;523;1714;229;3;57
0;60;3367;1714;1046;766;-2;2;56
0;61;3367;1714;990;766;252;3;60
0;62;4357;1714;56;766;-1;3;60
0;63;3367;2480;1046;353;-2;2;56
0;64;3367;2480;613;353;-2;3;63
0;65;3367;2480;613;313;359;4;64
0;66;3367;2793;613;40;-1;4;64
0;67;3980;2480;38;353;-1;3;63
0;68;4018;2480;353;353;230;3;63
0;69;4371;2480;42;353;-1;3;63
0;70;3367;2833;1046;377;-2;2;56
0;71;3367;2833;1018;377;-2;3;70
0;72;3367;2833;1018;348;38;4;71
0;73;3367;3181;1018;29;-1;4;71
0;74;4385;2833;28;377;-1;3;70
0;75;4413;0;426;3210;-2;1;0
0;76;4413;0;426;373;-2;2;75
0;77;4413;0;353;373;-2;3;76
0;78;4413;0;353;353;231;4;77
0;79;4413;353;353;20;-1;4;77
0;80;4766;0;73;373;-1;3;76
0;81;4413;373;426;1378;68;2;75
0;82;4413;1751;426;1378;69;2;75
0;83;4413;3129;426;81;-1;2;75
0;84;4839;0;1161;3210;-2;1;0
0;85;4839;0;1161;308;-2;2;84
0;86;4839;0;80;308;-1;3;85
0;87;4919;0;974;308;157;3;85
0;88;5893;0;107;308;-1;3;85
0;89;4839;308;1161;678;-2;2;84
0;90;4839;308;1139;678;158;3;89
0;91;5978;308;22;678;-1;3;89
0;92;4839;986;1161;451;-2;2;84
0;93;4839;986;1134;451;283;3;92
0;94;5973;986;27;451;-1;3;92
0;95;4839;1437;1161;451;-2;2;84
0;96;4839;1437;1134;451;284;3;95
0;97;5973;1437;27;451;-1;3;95
0;98;4839;1888;1161;451;-2;2;84
0;99;4839;1888;1134;451;285;3;98
0;100;5973;1888;27;451;-1;3;98
0;101;4839;2339;1161;451;-2;2;84
0;102;4839;2339;1134;451;286;3;101
0;103;5973;2339;27;451;-1;3;101
0;104;4839;2790;1161;420;-2;2;84
0;105;4839;2790;1079;420;-2;3;104
0;106;4839;2790;1079;393;341;4;105
0;107;4839;3183;1079;27;-1;4;105
0;108;5918;2790;82;420;-1;3;104
1;109;0;0;6000;3210;-2;0;
1;110;0;0;793;3210;-2;1;109
1;111;0;0;793;1591;187;2;110
1;112;0;1591;793;1591;188;2;110
1;113;0;3182;793;28;-1;2;110
1;114;793;0;793;3210;-2;1;109
1;115;793;0;793;1591;189;2;114
1;116;793;1591;793;1591;190;2;114
1;117;793;3182;793;28;-1;2;114
1;118;1586;0;731;3210;-2;1;109
1;119;1586;0;731;1714;-2;2;118
1;120;1586;0;708;1714;123;3;119
1;121;2294;0;23;1714;-1;3;119
1;122;1586;1714;731;1496;-2;2;118
1;123;1586;1714;358;1496;-2;3;122
1;124;1586;1714;358;1414;191;4;123
1;125;1586;3128;358;82;-1;4;123
1;126;1944;1714;353;1496;-2;3;122
1;127;1944;1714;353;1415;232;4;126
1;128;1944;3129;353;81;-1;4;126
1;129;2297;1714;20;1496;-1;3;122
1;130;2317;0;748;3210;-2;1;109
1;131;2317;0;748;1704;124;2;130
1;132;2317;1704;748;1506;-2;2;130
1;133;2317;1704;353;1506;-2;3;132
1;134;2317;1704;353;1415;233;4;133
1;135;2317;3119;353;91;-1;4;133
1;136;2670;1704;358;1506;-2;3;132
1;137;2670;1704;358;1414;192;4;136
1;138;2670;3118;358;92;-1;4;136
1;139;3028;1704;37;1506;-1;3;132
1;140;3065;0;1206;3210;-2;1;109
1;141;3065;0;1206;1473;-2;2;140
1;142;3065;0;603;1473;159;3;141
1;143;3668;0;603;1473;160;3;141
1;144;3065;1473;1206;1737;-2;2;140
1;145;3065;1473;583;1737;-2;3;144
1;146;3065;1473;583;1684;234;4;145
1;147;3065;3157;583;53;-1;4;145
1;148;3648;1473;583;1737;-2;3;144
1;149;3648;1473;583;1684;235;4;148
1;150;3648;3157;583;53;-1;4;148
1;151;4231;1473;40;1737;-1;3;144
1;152;4271;0;1705;3210;-2;1;109
1;153;4271;0;1705;588;-2;2;152
1;154;4271;0;1684;588;236;3;153
1;155;5955;0;21;588;-1;3;153
1;156;4271;588;1705;588;-2;2;152
1;157;4271;588;1684;588;237;3;156
1;158;5955;588;21;588;-1;3;156
1;159;4271;1176;1705;588;-2;2;152
1;160;4271;1176;1684;588;238;3;159
1;161;5955;1176;21;588;-1;3;159
1;162;4271;1764;1705;1446;-2;2;152
1;163;4271;1764;475;1446;-2;3;162
1;164;4271;1764;475;1403;93;4;163
1;165;4271;3167;475;43;-1;4;163
1;166;4746;1764;426;1446;-2;3;162
1;167;4746;1764;426;1378;70;4;166
1;168;4746;3142;426;68;-1;4;166
1;169;5172;1764;426;1446;-2;3;162
1;170;5172;1764;426;1378;71;4;169
1;171;5172;3142;426;68;-1;4;169
1;172;5598;1764;358;1446;-2;3;162
1;173;5598;1764;358;1394;193;4;172
1;174;5598;3158;358;52;-1;4;172
1;175;5956;1764;20;1446;-1;3;162
1;176;5976;0;24;3210;-1;1;109
2;177;0;0;6000;3210;-2;0;
2;178;0;0;618;3210;-2;1;177
2;179;0;0;618;1684;-2;2;178
2;180;0;0;588;1684;239;3;179
2;181;588;0;30;1684;-1;3;179
2;182;0;1684;618;1489;161;2;178
2;183;0;3173;618;37;-1;2;178
2;184;618;0;1222;3210;-2;1;177
2;185;618;0;1222;1684;-2;2;184
2;186;618;0;588;1684;240;3;185
2;187;1206;0;588;1684;241;3;185
2;188;1794;0;46;1684;-1;3;185
2;189;618;1684;1222;1084;-2;2;184
2;190;618;1684;598;1084;162;3;189
2;191;1216;1684;598;1084;163;3;189
2;192;1814;1684;26;1084;-1;3;189
2;193;618;2768;1222;442;-2;2;184
2;194;618;2768;508;442;-2;3;193
2;195;618;2768;508;403;39;4;194
2;196;618;3171;508;39;-1;4;194
2;197;1126;2768;694;442;-2;3;193
2;198;1126;2768;694;404;40;4;197
2;199;1126;3172;694;38;-1;4;197
2;200;1820;2768;20;442;-1;3;193
2;201;1840;0;708;3210;-2;1;177
2;202;1840;0;708;1615;-2;2;201
2;203;1840;0;354;1615;310;3;202
2;204;2194;0;354;1615;311;3;202
2;205;1840;1615;708;383;-2;2;201
2;206;1840;1615;684;383;125;3;205
2;207;2524;1615;24;383;-1;3;205
2;208;1840;1998;708;383;-2;2;201
2;209;1840;1998;684;383;126;3;208
2;210;2524;1998;24;383;-1;3;208
2;211;1840;2381;708;829;-2;2;201
2;212;1840;2381;648;829;-2;3;211
2;213;1840;2381;648;764;94;4;212
2;214;1840;3145;648;65;-1;4;212
2;215;2488;2381;60;829;-1;3;211
2;216;2548;0;1110;3210;-2;1;177
2;217;2548;0;1110;1866;-2;2;216
2;218;2548;0;555;1866;95;3;217
2;219;3103;0;555;1866;96;3;217
2;220;2548;1866;1110;393;-2;2;216
2;221;2548;1866;1079;393;342;3;220
2;222;3627;1866;31;393;-1;3;220
2;223;2548;2259;1110;665;-2;2;216
2;224;2548;2259;1079;665;343;3;223
2;225;3627;2259;31;665;-1;3;223
2;226;2548;2924;1110;286;-2;2;216
2;227;2548;2924;954;286;-2;3;226
2;228;2548;2924;954;253;127;4;227
2;229;2548;3177;954;33;-1;4;227
2;230;3502;2924;156;286;-1;3;226
2;231;3658;0;438;3210;-2;1;177
2;232;3658;0;438;1625;-2;2;231
2;233;3658;0;359;1625;312;3;232
2;234;4017;0;79;1625;-1;3;232
2;235;3658;1625;438;778;41;2;231
2;236;3658;2403;438;778;42;2;231
2;237;3658;3181;438;29;-1;2;231
2;238;4096;0;603;3210;-2;1;177
2;239;4096;0;603;1209;-2;2;238
2;240;4096;0;20;1209;-1;3;239
2;241;4116;0;583;1209;-2;3;239
2;242;4116;0;583;1174;242;4;241
2;243;4116;1174;583;35;-1;4;241
2;244;4096;1209;603;1174;-2;2;238
2;245;4096;1209;583;1174;243;3;244
2;246;4679;1209;20;1174;-1;3;244
2;247;4096;2383;603;827;-2;2;238
2;248;4096;2383;582;827;-2;3;247
2;249;4096;2383;582;797;0;4;248
2;250;4096;3180;582;30;-1;4;248
2;251;4678;2383;21;827;-1;3;247
2;252;4699;0;358;3210;-2;1;177
2;253;4699;0;358;1394;194;2;252
2;254;4699;1394;358;834;-2;2;252
2;255;4699;1394;334;834;72;3;254
2;256;5033;1394;24;834;-1;3;254
2;257;4699;2228;358;982;-2;2;252
2;258;4699;2228;253;982;-2;3;257
2;259;4699;2228;253;954;128;4;258
2;260;4699;3182;253;28;-1;4;258
2;261;4952;2228;105;982;-1;3;257
2;262;5057;0;943;3210;-2;1;177
2;263;5057;0;943;1134;-2;2;262
2;264;5057;0;451;1134;287;3;263
2;265;5508;0;451;1134;288;3;263
2;266;5959;0;41;1134;-1;3;263
2;267;5057;1134;943;695;-2;2;262
2;268;5057;1134;921;695;253;3;267
2;269;5978;1134;22;695;-1;3;267
2;270;5057;1829;943;1381;-2;2;262
2;271;5057;1829;313;1381;-2;3;270
2;272;5057;1829;313;1334;97;4;271
2;273;5057;3163;313;47;-1;4;271
2;274;5370;1829;268;1381;-2;3;270
2;275;5370;1829;268;1024;129;4;274
2;276;5370;2853;268;357;-1;4;274
2;277;5638;1829;313;1381;-2;3;270
2;278;5638;1829;313;1334;98;4;277
2;279;5638;3163;313;47;-1;4;277
2;280;5951;1829;49;1381;-1;3;270
3;281;0;0;6000;3210;-2;0;
3;282;0;0;1329;3210;-2;1;281
3;283;0;0;1329;1264;-2;2;282
3;284;0;0;443;1264;244;3;283
3;285;443;0;443;1264;245;3;283
3;286;886;0;443;1264;246;3;283
3;287;0;1264;1329;443;-2;2;282
3;288;0;1264;1264;443;247;3;287
3;289;1264;1264;65;443;-1;3;287
3;290;0;1707;1329;1118;-2;2;282
3;291;0;1707;665;1118;-2;3;290
3;292;0;1707;665;39;-2;4;291
3;293;0;1746;665;1079;344;4;291
3;294;665;1707;318;1118;-2;3;290
3;295;665;1707;318;1074;99;4;294
3;296;665;2781;318;44;-1;4;294
3;297;983;1707;318;1118;-2;3;290
3;298;983;1707;318;1074;100;4;297
3;299;983;2781;318;44;-1;4;297
3;300;1301;1707;28;1118;-1;3;290
3;301;0;2825;1329;385;-2;2;282
3;302;0;2825;1174;385;-2;3;301
3;303;0;2825;1174;313;101;4;302
3;304;0;3138;1174;72;-1;4;302
3;305;1174;2825;155;385;-1;3;301
3;306;1329;0;2122;3210;-2;1;281
3;307;1329;0;2122;508;-2;2;306
3;308;1329;0;60;508;-1;3;307
3;309;1389;0;2022;508;289;3;307
3;310;3411;0;40;508;-1;3;307
3;311;1329;508;2122;1084;-2;2;306
3;312;1329;508;598;1084;164;3;311
3;313;1927;508;598;1084;165;3;311
3;314;2525;508;598;1084;166;3;311
3;315;3123;508;268;1084;-2;3;311
3;316;3123;508;268;1024;130;4;315
3;317;3123;1532;268;60;-1;4;315
3;318;3391;508;60;1084;-1;3;311
3;319;1329;1592;2122;508;-2;2;306
3;320;1329;1592;2022;508;290;3;319
3;321;3351;1592;100;508;-1;3;319
3;322;1329;2100;2122;359;-2;2;306
3;323;1329;2100;1625;359;313;3;322
3;324;2954;2100;497;359;-1;3;322
3;325;1329;2459;2122;751;-2;2;306
3;326;1329;2459;397;751;-2;3;325
3;327;1329;2459;397;717;1;4;326
3;328;1329;3176;397;34;-1;4;326
3;329;1726;2459;838;751;-2;3;325
3;330;1726;2459;838;720;2;4;329
3;331;1726;3179;838;31;-1;4;329
3;332;2564;2459;49;751;-1;3;325
3;333;2613;2459;838;751;-2;3;325
3;334;2613;2459;838;720;3;4;333
3;335;2613;3179;838;31;-1;4;333
3;336;3451;0;556;3210;-2;1;281
3;337;3451;0;556;2069;291;2;336
3;338;3451;2069;556;1141;-2;2;336
3;339;3451;2069;265;1141;-2;3;338
3;340;3451;2069;265;107;-2;4;339
3;341;3451;2176;265;1034;131;4;339
3;342;3716;2069;265;1141;-2;3;338
3;343;3716;2069;265;1034;132;4;342
3;344;3716;3103;265;107;-1;4;342
3;345;3981;2069;26;1141;-1;3;338
3;346;4007;0;1993;3210;-2;1;281
3;347;4007;0;1993;425;-2;2;346
3;348;4007;0;1963;425;43;3;347
3;349;5970;0;30;425;-1;3;347
3;350;4007;425;1993;425;-2;2;346
3;351;4007;425;1963;425;44;3;350
3;352;5970;425;30;425;-1;3;350
3;353;4007;850;1993;617;-2;2;346
3;354;4007;850;1952;617;345;3;353
3;355;5959;850;41;617;-1;3;353
3;356;4007;1467;1993;542;-2;2;346
3;357;4007;1467;1933;542;45;3;356
3;358;5940;1467;60;542;-1;3;356
3;359;4007;2009;1993;1201;-2;2;346
3;360;4007;2009;313;1201;-2;3;359
3;361;4007;2009;313;1174;102;4;360
3;362;4007;3183;313;27;-1;4;360
3;363;4320;2009;298;1201;-2;3;359
3;364;4320;2009;298;1124;103;4;363
3;365;4320;3133;298;77;-1;4;363
3;366;4618;2009;298;1201;-2;3;359
3;367;4618;2009;298;1124;104;4;366
3;368;4618;3133;298;77;-1;4;366
3;369;4916;2009;243;1201;-2;3;359
3;370;4916;2009;243;1154;105;4;369
3;371;4916;3163;243;47;-1;4;369
3;372;5159;2009;598;1201;-2;3;359
3;373;5159;2009;598;1084;167;4;372
3;374;5159;3093;598;117;-1;4;372
3;375;5757;2009;243;1201;-2;3;359
3;376;5757;2009;243;1154;106;4;375
3;377;5757;3163;243;47;-1;4;375
4;378;0;0;6000;3210;-2;0;
4;379;0;0;556;3210;-2;1;378
4;380;0;0;556;2069;292;2;379
4;381;0;2069;556;1141;-2;2;379
4;382;0;2069;265;1141;-2;3;381
4;383;0;2069;265;1034;133;4;382
4;384;0;3103;265;107;-1;4;382
4;385;265;2069;265;1141;-2;3;381
4;386;265;2069;265;1034;134;4;385
4;387;265;3103;265;107;-1;4;385
4;388;530;2069;26;1141;-1;3;381
4;389;556;0;1334;3210;-2;1;378
4;390;556;0;1334;1969;-2;2;389
4;391;556;0;617;1969;346;3;390
4;392;1173;0;717;1969;347;3;390
4;393;556;1969;1334;443;-2;2;389
4;394;556;1969;1264;443;248;3;393
4;395;1820;1969;70;443;-1;3;393
4;396;556;2412;1334;798;-2;2;389
4;397;556;2412;1221;798;-2;3;396
4;398;556;2412;1221;769;314;4;397
4;399;556;3181;1221;29;-1;4;397
4;400;1777;2412;113;798;-1;3;396
4;401;1890;0;728;3210;-2;1;378
4;402;1890;0;728;1292;-2;2;401
4;403;1890;0;364;1292;348;3;402
4;404;2254;0;364;1292;349;3;402
4;405;1890;1292;728;921;-2;2;401
4;406;1890;1292;695;921;254;3;405
4;407;2585;1292;33;921;-1;3;405
4;408;1890;2213;728;997;-2;2;401
4;409;1890;2213;695;997;-2;3;408
4;410;1890;2213;695;921;255;4;409
4;411;1890;3134;695;76;-1;4;409
4;412;2585;2213;33;997;-1;3;408
4;413;2618;0;367;3210;-2;1;378
4;414;2618;0;367;1657;293;2;413
4;415;2618;1657;367;1553;-2;2;413
4;416;2618;1657;310;1553;-2;3;415
4;417;2618;1657;310;1474;168;4;416
4;418;2618;3131;310;79;-1;4;416
4;419;2928;1657;57;1553;-1;3;415
4;420;2985;0;921;3210;-2;1;378
4;421;2985;0;921;1250;-2;2;420
4;422;2985;0;440;1250;46;3;421
4;423;3425;0;440;1250;47;3;421
4;424;3865;0;41;1250;-1;3;421
4;425;2985;1250;921;669;256;2;420
4;426;2985;1919;921;1291;-2;2;420
4;427;2985;1919;443;1291;-2;3;426
4;428;2985;1919;443;1264;249;4;427
4;429;2985;3183;443;27;-1;4;427
4;430;3428;1919;440;1291;-2;3;426
4;431;3428;1919;440;1250;48;4;430
4;432;3428;3169;440;41;-1;4;430
4;433;3868;1919;38;1291;-1;3;426
4;434;3906;0;367;3210;-2;1;378
4;435;3906;0;367;1474;-2;2;434
4;436;3906;0;310;1474;169;3;435
4;437;4216;0;57;1474;-1;3;435
4;438;3906;1474;367;1657;294;2;434
4;439;3906;3131;367;79;-1;2;434
4;440;4273;0;628;3210;-2;1;378
4;441;4273;0;628;1534;170;2;440
4;442;4273;1534;628;142;-1;2;440
4;443;4273;1676;628;1534;171;2;440
4;444;4901;0;1077;3210;-2;1;378
4;445;4901;0;1077;669;-2;2;444
4;446;4901;0;1042;669;257;3;445
4;447;5943;0;35;669;-1;3;445
4;448;4901;669;1077;988;-2;2;444
4;449;4901;669;307;988;107;3;448
4;450;5208;669;30;988;-1;3;448
4;451;5238;669;720;988;-2;3;448
4;452;5238;669;720;838;4;4;451
4;453;5238;1507;720;150;-1;4;451
4;454;5958;669;20;988;-1;3;448
4;455;4901;1657;1077;265;-2;2;444
4;456;4901;1657;1029;265;135;3;455
4;457;5930;1657;48;265;-1;3;455
4;458;4901;1922;1077;1288;-2;2;444
4;459;4901;1922;395;1288;-2;3;458
4;460;4901;1922;395;1222;258;4;459
4;461;4901;3144;395;66;-1;4;459
4;462;5296;1922;395;1288;-2;3;458
4;463;5296;1922;395;1222;259;4;462
4;464;5296;3144;395;66;-1;4;462
4;465;5691;1922;265;1288;-2;3;458
4;466;5691;1922;265;259;-1;4;465
4;467;5691;2181;265;1029;136;4;465
4;468;5956;1922;22;1288;-1;3;458
4;469;5978;0;22;3210;-1;1;378
5;470;0;0;6000;3210;-2;0;
5;471;0;0;752;3210;-2;1;470
5;472;0;0;752;988;108;2;471
5;473;0;988;752;1321;-2;2;471
5;474;0;988;365;1321;350;3;473
5;475;365;988;365;1321;351;3;473
5;476;730;988;22;1321;-1;3;473
5;477;0;2309;752;901;-2;2;471
5;478;0;2309;720;901;-2;3;477
5;479;0;2309;720;838;5;4;478
5;480;0;3147;720;63;-1;4;478
5;481;720;2309;32;901;-1;3;477
5;482;752;0;1213;3210;-2;1;470
5;483;752;0;1213;1202;-2;2;482
5;484;752;0;802;1202;6;3;483
5;485;1554;0;411;1202;-2;3;483
5;486;1554;0;411;1174;137;4;485
5;487;1554;1174;411;28;-1;4;485
5;488;752;1202;1213;259;-2;2;482
5;489;752;1202;1115;259;7;3;488
5;490;1867;1202;98;259;-1;3;488
5;491;752;1461;1213;259;-2;2;482
5;492;752;1461;1115;259;8;3;491
5;493;1867;1461;98;259;-1;3;491
5;494;752;1720;1213;1490;-2;2;482
5;495;752;1720;490;1490;-2;3;494
5;496;752;1720;490;1282;9;4;495
5;497;752;3002;490;208;-1;4;495
5;498;1242;1720;688;1490;-2;3;494
5;499;1242;1720;688;1464;250;4;498
5;500;1242;3184;688;26;-1;4;498
5;501;1930;1720;35;1490;-1;3;494
5;502;1965;0;1656;3210;-2;1;470
5;503;1965;0;1656;1222;-2;2;502
5;504;1965;0;395;1222;260;3;503
5;505;2360;0;395;1222;261;3;503
5;506;2755;0;395;1222;262;3;503
5;507;3150;0;395;1222;263;3;503
5;508;3545;0;76;1222;-1;3;503
5;509;1965;1222;1656;1020;-2;2;502
5;510;1965;1222;552;1020;295;3;509
5;511;2517;1222;552;1020;296;3;509
5;512;3069;1222;552;1020;297;3;509
5;513;1965;2242;1656;968;-2;2;502
5;514;1965;2242;484;968;-2;3;513
5;515;1965;2242;484;934;73;4;514
5;516;1965;3176;484;34;-1;4;514
5;517;2449;2242;639;968;-2;3;513
5;518;2449;2242;639;924;74;4;517
5;519;2449;3166;639;44;-1;4;517
5;520;3088;2242;493;968;-2;3;513
5;521;3088;2242;493;884;172;4;520
5;522;3088;3126;493;84;-1;4;520
5;523;3581;2242;40;968;-1;3;513
5;524;3621;0;1320;3210;-2;1;470
5;525;3621;0;1320;1250;-2;2;524
5;526;3621;0;440;1250;49;3;525
5;527;4061;0;440;1250;50;3;525
5;528;4501;0;440;1250;51;3;525
5;529;3621;1250;1320;924;-2;2;524
5;530;3621;1250;639;924;75;3;529
5;531;4260;1250;639;924;76;3;529
5;532;4899;1250;42;924;-1;3;529
5;533;3621;2174;1320;1036;-2;2;524
5;534;3621;2174;493;1036;-2;3;533
5;535;3621;2174;493;1014;173;4;534
5;536;3621;3188;493;22;-1;4;534
5;537;4114;2174;760;1036;-2;3;533
5;538;4114;2174;760;1000;52;4;537
5;539;4114;3174;760;36;-1;4;537
5;540;4874;2174;67;1036;-1;3;533
5;541;4941;0;1059;3210;-2;1;470
5;542;4941;0;1059;488;-2;2;541
5;543;4941;0;1024;488;109;3;542
5;544;5965;0;35;488;-1;3;542
5;545;4941;488;1059;488;-2;2;541
5;546;4941;488;1024;488;110;3;545
5;547;5965;488;35;488;-1;3;545
5;548;4941;976;1059;495;-2;2;541
5;549;4941;976;1022;495;264;3;548
5;550;5963;976;37;495;-1;3;548
5;551;4941;1471;1059;495;-2;2;541
5;552;4941;1471;1022;495;265;3;551
5;553;5963;1471;37;495;-1;3;551
5;554;4941;1966;1059;1244;-2;2;541
5;555;4941;1966;769;1244;-2;3;554
5;556;4941;1966;769;1221;315;4;555
5;557;4941;3187;769;23;-1;4;555
5;558;5710;1966;247;1244;-2;3;554
5;559;5710;1966;247;1105;10;4;558
5;560;5710;3071;247;139;-1;4;558
5;561;5957;1966;43;1244;-1;3;554
6;562;0;0;6000;3210;-2;0;
6;563;0;0;726;3210;-2;1;562
6;564;0;0;726;1766;-2;2;563
6;565;0;0;363;1766;352;3;564
6;566;363;0;363;1766;353;3;564
6;567;0;1766;726;954;-2;2;563
6;568;0;1766;71;954;-1;3;567
6;569;71;1766;594;954;77;3;567
6;570;665;1766;61;954;-1;3;567
6;571;0;2720;726;490;-2;2;563
6;572;0;2720;684;490;-2;3;571
6;573;0;2720;684;411;138;4;572
6;574;0;3131;684;79;-1;4;572
6;575;684;2720;42;490;-1;3;571
6;576;726;0;674;3210;-2;1;562
6;577;726;0;674;1837;-2;2;576
6;578;726;0;625;1837;111;3;577
6;579;1351;0;49;1837;-1;3;577
6;580;726;1837;674;1264;78;2;576
6;581;726;3101;674;109;-1;2;576
6;582;1400;0;1837;3210;-2;1;562
6;583;1400;0;1837;625;112;2;582
6;584;1400;625;1837;394;-2;2;582
6;585;1400;625;1814;394;354;3;584
6;586;3214;625;23;394;-1;3;584
6;587;1400;1019;1837;394;-2;2;582
6;588;1400;1019;1814;394;355;3;587
6;589;3214;1019;23;394;-1;3;587
6;590;1400;1413;1837;1797;-2;2;582
6;591;1400;1413;554;1797;-2;3;590
6;592;1400;1413;554;1751;316;4;591
6;593;1400;3164;554;46;-1;4;591
6;594;1954;1413;628;1797;-2;3;590
6;595;1954;1413;628;1747;113;4;594
6;596;1954;3160;628;50;-1;4;594
6;597;2582;1413;628;1797;-2;3;590
6;598;2582;1413;628;1747;114;4;597
6;599;2582;3160;628;50;-1;4;597
6;600;3210;1413;27;1797;-1;3;590
6;601;3237;0;411;3210;-2;1;562
6;602;3237;0;411;1174;115;2;601
6;603;3237;1174;411;818;-2;2;601
6;604;3237;1174;324;818;139;3;603
6;605;3561;1174;87;818;-1;3;603
6;606;3237;1992;411;1174;116;2;601
6;607;3237;3166;411;44;-1;2;601
6;608;3648;0;247;3210;-2;1;562
6;609;3648;0;247;1105;11;2;608
6;610;3648;1105;247;1010;12;2;608
6;611;3648;2115;247;1010;13;2;608
6;612;3648;3125;247;85;-1;2;608
6;613;3895;0;708;3210;-2;1;562
6;614;3895;0;708;878;-2;2;613
6;615;3895;0;667;878;317;3;614
6;616;4562;0;41;878;-1;3;614
6;617;3895;878;708;1464;-2;2;613
6;618;3895;878;20;1464;-1;3;617
6;619;3915;878;688;1464;251;3;617
6;620;3895;2342;708;411;-2;2;613
6;621;3895;2342;684;411;117;3;620
6;622;4579;2342;24;411;-1;3;620
6;623;3895;2753;708;457;-2;2;613
6;624;3895;2753;684;457;-2;3;623
6;625;3895;2753;684;411;118;4;624
6;626;3895;3164;684;46;-1;4;624
6;627;4579;2753;24;457;-1;3;623
6;628;4603;0;1397;3210;-2;1;562
6;629;4603;0;1397;1448;-2;2;628
6;630;4603;0;769;1448;-2;3;629
6;631;4603;0;769;69;-1;4;630
6;632;4603;69;769;1379;266;4;630
6;633;5372;0;314;1448;-2;3;629
6;634;5372;0;314;1399;356;4;633
6;635;5372;1399;314;49;-1;4;633
6;636;5686;0;314;1448;-2;3;629
6;637;5686;0;314;1399;357;4;636
6;638;5686;1399;314;49;-1;4;636
6;639;4603;1448;1397;1762;-2;2;628
6;640;4603;1448;378;1762;-2;3;639
6;641;4603;1448;378;1724;140;4;640
6;642;4603;3172;378;38;-1;4;640
6;643;4981;1448;378;1762;-2;3;639
6;644;4981;1448;378;1724;141;4;643
6;645;4981;3172;378;38;-1;4;643
6;646;5359;1448;592;1762;-2;3;639
6;647;5359;1448;592;1603;267;4;646
6;648;5359;3051;592;159;-1;4;646
6;649;5951;1448;49;1762;-1;3;639
7;650;0;0;6000;3210;-2;0;
7;651;0;0;886;3210;-2;1;650
7;652;0;0;886;1895;-2;2;651
7;653;0;0;406;1895;298;3;652
7;654;406;0;480;1895;-2;3;652
7;655;406;0;480;1866;119;4;654
7;656;406;1866;480;29;-1;4;654
7;657;0;1895;886;753;-2;2;651
7;658;0;1895;849;753;79;3;657
7;659;849;1895;37;753;-1;3;657
7;660;0;2648;886;562;-2;2;651
7;661;0;2648;854;562;-2;3;660
7;662;0;2648;854;34;-2;4;661
7;663;0;2682;854;528;195;4;661
7;664;854;2648;32;562;-1;3;660
7;665;886;0;886;3210;-2;1;650
7;666;886;0;886;1895;-2;2;665
7;667;886;0;406;1895;299;3;666
7;668;1292;0;480;1895;-2;3;666
7;669;1292;0;480;1866;120;4;668
7;670;1292;1866;480;29;-1;4;668
7;671;886;1895;886;623;-2;2;665
7;672;886;1895;860;623;53;3;671
7;673;1746;1895;26;623;-1;3;671
7;674;886;2518;886;692;-2;2;665
7;675;886;2518;860;692;-2;3;674
7;676;886;2518;860;578;54;4;675
7;677;886;3096;860;114;-1;4;675
7;678;1746;2518;26;692;-1;3;674
7;679;1772;0;1220;3210;-2;1;650
7;680;1772;0;1220;1704;-2;2;679
7;681;1772;0;771;1704;-2;3;680
7;682;1772;0;771;1658;121;4;681
7;683;1772;1658;771;46;-1;4;681
7;684;2543;0;449;1704;318;3;680
7;685;1772;1704;1220;1506;-2;2;679
7;686;1772;1704;818;1506;-2;3;685
7;687;1772;1704;818;1458;196;4;686
7;688;1772;3162;818;48;-1;4;686
7;689;2590;1704;369;1506;-2;3;685
7;690;2590;1704;369;1482;268;4;689
7;691;2590;3186;369;24;-1;4;689
7;692;2959;1704;33;1506;-1;3;685
7;693;2992;0;795;3210;-2;1;650
7;694;2992;0;795;2022;-2;2;693
7;695;2992;0;767;2022;319;3;694
7;696;3759;0;28;2022;-1;3;694
7;697;2992;2022;795;1188;-2;2;693
7;698;2992;2022;259;1188;-2;3;697
7;699;2992;2022;259;1115;14;4;698
7;700;2992;3137;259;73;-1;4;698
7;701;3251;2022;259;1188;-2;3;697
7;702;3251;2022;259;1115;15;4;701
7;703;3251;3137;259;73;-1;4;701
7;704;3510;2022;257;1188;-2;3;697
7;705;3510;2022;257;1115;16;4;704
7;706;3510;3137;257;73;-1;4;704
7;707;3767;2022;20;1188;-1;3;697
7;708;3787;0;2180;3210;-2;1;650
7;709;3787;0;2180;495;-2;2;708
7;710;3787;0;1079;495;320;3;709
7;711;4866;0;1079;495;321;3;709
7;712;5945;0;22;495;-1;3;709
7;713;3787;495;2180;297;-2;2;708
7;714;3787;495;1115;297;-2;3;713
7;715;3787;495;1115;257;17;4;714
7;716;3787;752;1115;40;-1;4;714
7;717;4902;495;178;297;-1;3;713
7;718;5080;495;430;297;18;3;713
7;719;5510;495;430;297;19;3;713
7;720;5940;495;27;297;-1;3;713
7;721;3787;792;2180;495;-2;2;708
7;722;3787;792;1079;495;322;3;721
7;723;4866;792;1079;495;323;3;721
7;724;5945;792;22;495;-1;3;721
7;725;3787;1287;2180;1923;-2;2;708
7;726;3787;1287;710;1923;-2;3;725
7;727;3787;1287;710;1856;20;4;726
7;728;3787;3143;710;67;-1;4;726
7;729;4497;1287;775;1923;-2;3;725
7;730;4497;1287;775;1831;21;4;729
7;731;4497;3118;775;92;-1;4;729
7;732;5272;1287;695;1923;-2;3;725
7;733;5272;1287;695;1886;22;4;732
7;734;5272;3173;695;37;-1;4;732
7;735;5967;0;33;3210;-1;1;650
8;736;0;0;6000;3210;-2;0;
8;737;0;0;846;3210;-2;1;736
8;738;0;0;846;1824;-2;2;737
8;739;0;0;423;1824;142;3;738
8;740;423;0;423;1824;143;3;738
8;741;0;1824;846;849;-2;2;737
8;742;0;1824;753;849;80;3;741
8;743;753;1824;93;849;-1;3;741
8;744;0;2673;846;537;-2;2;737
8;745;0;2673;556;537;-2;3;744
8;746;0;2673;556;515;300;4;745
8;747;0;3188;556;22;-1;4;745
8;748;556;2673;290;537;-1;3;744
8;749;846;0;515;3210;-2;1;736
8;750;846;0;515;1460;-2;2;749
8;751;846;0;495;1460;81;3;750
8;752;1341;0;20;1460;-1;3;750
8;753;846;1460;515;556;301;2;749
8;754;846;2016;515;1194;-2;2;749
8;755;846;2016;493;1194;-2;3;754
8;756;846;2016;493;1014;174;4;755
8;757;846;3030;493;180;-1;4;755
8;758;1339;2016;22;1194;-1;3;754
8;759;1361;0;1184;3210;-2;1;736
8;760;1361;0;1184;1684;-2;2;759
8;761;1361;0;398;1684;144;3;760
8;762;1759;0;398;1684;145;3;760
8;763;2157;0;388;1684;-2;3;760
8;764;2157;0;388;1644;146;4;763
8;765;2157;1644;388;40;-1;4;763
8;766;1361;1684;1184;1526;-2;2;759
8;767;1361;1684;369;1526;-2;3;766
8;768;1361;1684;369;1482;269;4;767
8;769;1361;3166;369;44;-1;4;767
8;770;1730;1684;495;1526;-2;3;766
8;771;1730;1684;495;1460;82;4;770
8;772;1730;3144;495;66;-1;4;770
8;773;2225;1684;299;1526;-2;3;766
8;774;2225;1684;299;1414;358;4;773
8;775;2225;3098;299;112;-1;4;773
8;776;2524;1684;21;1526;-1;3;766
8;777;2545;0;1836;3210;-2;1;736
8;778;2545;0;1836;720;23;2;777
8;779;2545;720;1836;794;-2;2;777
8;780;2545;720;1797;794;270;3;779
8;781;4342;720;39;794;-1;3;779
8;782;2545;1514;1836;577;-2;2;777
8;783;2545;1514;1787;577;175;3;782
8;784;4332;1514;49;577;-1;3;782
8;785;2545;2091;1836;577;-2;2;777
8;786;2545;2091;1787;577;176;3;785
8;787;4332;2091;49;577;-1;3;785
8;788;2545;2668;1836;542;-2;2;777
8;789;2545;2668;889;542;-2;3;788
8;790;2545;2668;889;483;197;4;789
8;791;2545;3151;889;59;-1;4;789
8;792;3434;2668;889;542;-2;3;788
8;793;3434;2668;889;154;-1;4;792
8;794;3434;2822;889;388;198;4;792
8;795;4323;2668;58;542;-1;3;788
8;796;4381;0;1619;3210;-2;1;736
8;797;4381;0;1619;720;-2;2;796
8;798;4381;0;1590;720;24;3;797
8;799;5971;0;29;720;-1;3;797
8;800;4381;720;1619;1606;-2;2;796
8;801;4381;720;394;1606;25;3;800
8;802;4775;720;394;1606;26;3;800
8;803;5169;720;394;1606;27;3;800
8;804;5563;720;394;1606;28;3;800
8;805;5957;720;43;1606;-1;3;800
8;806;4381;2326;1619;884;-2;2;796
8;807;4381;2326;548;884;-2;3;806
8;808;4381;2326;548;840;55;4;807
8;809;4381;3166;548;44;-1;4;807
8;810;4929;2326;494;884;-2;3;806
8;811;4929;2326;494;816;271;4;810
8;812;4929;3142;494;68;-1;4;810
8;813;5423;2326;494;884;-2;3;806
8;814;5423;2326;494;816;272;4;813
8;815;5423;3142;494;68;-1;4;813
8;816;5917;2326;83;884;-1;3;806
9;817;0;0;6000;3210;-2;0;
9;818;0;0;1004;3210;-2;1;817
9;819;0;0;1004;1732;-2;2;818
9;820;0;0;502;1732;83;3;819
9;821;502;0;502;1732;84;3;819
9;822;0;1732;1004;388;-2;2;818
9;823;0;1732;889;388;199;3;822
9;824;889;1732;115;388;-1;3;822
9;825;0;2120;1004;329;-2;2;818
9;826;0;2120;975;329;56;3;825
9;827;975;2120;29;329;-1;3;825
9;828;0;2449;1004;761;-2;2;818
9;829;0;2449;944;761;-2;3;828
9;830;0;2449;944;658;200;4;829
9;831;0;3107;944;103;-1;4;829
9;832;944;2449;60;761;-1;3;828
9;833;1004;0;544;3210;-2;1;817
9;834;1004;0;544;1592;85;2;833
9;835;1004;1592;544;556;-2;2;833
9;836;1004;1592;523;556;302;3;835
9;837;1527;1592;21;556;-1;3;835
9;838;1004;2148;544;556;-2;2;833
9;839;1004;2148;523;556;303;3;838
9;840;1527;2148;21;556;-1;3;838
9;841;1004;2704;544;506;-2;2;833
9;842;1004;2704;523;506;-2;3;841
9;843;1004;2704;523;383;86;4;842
9;844;1004;3087;523;123;-1;4;842
9;845;1527;2704;21;506;-1;3;841
9;846;1548;0;2044;3210;-2;1;817
9;847;1548;0;2044;769;-2;2;846
9;848;1548;0;1022;769;304;3;847
9;849;2570;0;1022;769;305;3;847
9;850;1548;769;2044;490;-2;2;846
9;851;1548;769;1972;490;177;3;850
9;852;3520;769;72;490;-1;3;850
9;853;1548;1259;2044;769;-2;2;846
9;854;1548;1259;1022;769;306;3;853
9;855;2570;1259;1022;769;307;3;853
9;856;1548;2028;2044;490;-2;2;846
9;857;1548;2028;1972;490;178;3;856
9;858;3520;2028;72;490;-1;3;856
9;859;1548;2518;2044;692;-2;2;846
9;860;1548;2518;1058;692;-2;3;859
9;861;1548;2518;1058;644;29;4;860
9;862;1548;3162;1058;48;-1;4;860
9;863;2606;2518;944;692;-2;3;859
9;864;2606;2518;944;658;201;4;863
9;865;2606;3176;944;34;-1;4;863
9;866;3550;2518;42;692;-1;3;859
9;867;3592;0;350;3210;-2;1;817
9;868;3592;0;350;1692;179;2;867
9;869;3592;1692;350;1518;-2;2;867
9;870;3592;1692;326;1518;-2;3;869
9;871;3592;1692;326;1478;30;4;870
9;872;3592;3170;326;40;-1;4;870
9;873;3918;1692;24;1518;-1;3;869
9;874;3942;0;1077;3210;-2;1;817
9;875;3942;0;1077;1692;-2;2;874
9;876;3942;0;350;1692;180;3;875
9;877;4292;0;350;1692;181;3;875
9;878;4642;0;350;1692;182;3;875
9;879;4992;0;27;1692;-1;3;875
9;880;3942;1692;1077;442;273;2;874
9;881;3942;2134;1077;442;274;2;874
9;882;3942;2576;1077;329;-2;2;874
9;883;3942;2576;975;329;57;3;882
9;884;4917;2576;102;329;-1;3;882
9;885;3942;2905;1077;305;-2;2;874
9;886;3942;2905;1025;305;-2;3;885
9;887;3942;2905;1025;252;58;4;886
9;888;3942;3157;1025;53;-1;4;886
9;889;4967;2905;52;305;-1;3;885
9;890;5019;0;355;3210;-2;1;817
9;891;5019;0;355;1478;-2;2;890
9;892;5019;0;326;1478;31;3;891
9;893;5345;0;29;1478;-1;3;891
9;894;5019;1478;355;1732;-2;2;890
9;895;5019;1478;335;1732;-2;3;894
9;896;5019;1478;335;1701;275;4;895
9;897;5019;3179;335;31;-1;4;895
9;898;5354;1478;20;1732;-1;3;894
9;899;5374;0;348;3210;-2;1;817
9;900;5374;0;348;1018;87;2;899
9;901;5374;1018;348;20;-1;2;899
9;902;5374;1038;348;1018;88;2;899
9;903;5374;2056;348;1018;89;2;899
9;904;5374;3074;348;136;-1;2;899
9;905;5722;0;278;3210;-2;1;817
9;906;5722;0;278;1025;-2;2;905
9;907;5722;0;252;1025;59;3;906
9;908;5974;0;26;1025;-1;3;906
9;909;5722;1025;278;1035;-2;2;905
9;910;5722;1025;257;1035;60;3;909
9;911;5979;1025;21;1035;-1;3;909
9;912;5722;2060;278;1150;-2;2;905
9;913;5722;2060;257;1150;-2;3;912
9;914;5722;2060;257;1035;61;4;913
9;915;5722;3095;257;115;-1;4;913
9;916;5979;2060;21;1150;-1;3;912
10;917;0;0;6000;3210;-2;0;
10;918;0;0;723;3210;-2;1;917
10;919;0;0;723;1701;-2;2;918
10;920;0;0;335;1701;276;3;919
10;921;335;0;388;1701;-2;3;919
10;922;335;0;388;1644;147;4;921
10;923;335;1644;388;57;-1;4;921
10;924;0;1701;723;1509;-2;2;918
10;925;0;1701;620;1509;-2;3;924
10;926;0;1701;620;1453;148;4;925
10;927;0;3154;620;56;-1;4;925
10;928;620;1701;103;1509;-1;3;924
10;929;723;0;670;3210;-2;1;917
10;930;723;0;670;1662;-2;2;929
10;931;723;0;335;1662;277;3;930
10;932;1058;0;335;1662;278;3;930
10;933;723;1662;670;1548;-2;2;929
10;934;723;1662;620;1548;-2;3;933
10;935;723;1662;620;1453;149;4;934
10;936;723;3115;620;95;-1;4;934
10;937;1343;1662;50;1548;-1;3;933
10;938;1393;0;586;3210;-2;1;917
10;939;1393;0;586;1224;-2;2;938
10;940;1393;0;293;1224;202;3;939
10;941;1686;0;293;1224;203;3;939
10;942;1393;1224;586;664;-2;2;938
10;943;1393;1224;523;664;279;3;942
10;944;1916;1224;63;664;-1;3;942
10;945;1393;1888;586;1322;-2;2;938
10;946;1393;1888;283;1322;-2;3;945
10;947;1393;1888;283;1224;204;4;946
10;948;1393;3112;283;98;-1;4;946
10;949;1676;1888;283;1322;-2;3;945
10;950;1676;1888;283;1224;205;4;949
10;951;1676;3112;283;98;-1;4;949
10;952;1959;1888;20;1322;-1;3;945
10;953;1979;0;1170;3210;-2;1;917
10;954;1979;0;1170;1980;-2;2;953
10;955;1979;0;585;1980;206;3;954
10;956;2564;0;585;1980;207;3;954
10;957;1979;1980;1170;595;-2;2;953
10;958;1979;1980;1079;595;324;3;957
10;959;3058;1980;91;595;-1;3;957
10;960;1979;2575;1170;635;-2;2;953
10;961;1979;2575;1079;635;-2;3;960
10;962;1979;2575;1079;595;325;4;961
10;963;1979;3170;1079;40;-1;4;961
10;964;3058;2575;91;635;-1;3;960
10;965;3149;0;1978;3210;-2;1;917
10;966;3149;0;1978;869;326;2;965
10;967;3149;869;1978;461;-2;2;965
10;968;3149;869;930;461;327;3;967
10;969;4079;869;930;461;328;3;967
10;970;5009;869;118;461;-1;3;967
10;971;3149;1330;1978;423;-2;2;965
10;972;3149;1330;1824;423;150;3;971
10;973;4973;1330;154;423;-1;3;971
10;974;3149;1753;1978;1457;-2;2;965
10;975;3149;1753;868;1457;-2;3;974
10;976;3149;1753;868;1388;208;4;975
10;977;3149;3141;868;69;-1;4;975
10;978;4017;1753;269;1457;-2;3;974
10;979;4017;1753;269;1414;329;4;978
10;980;4017;3167;269;43;-1;4;978
10;981;4286;1753;269;1457;-2;3;974
10;982;4286;1753;269;1414;330;4;981
10;983;4286;3167;269;43;-1;4;981
10;984;4555;1753;274;1457;-2;3;974
10;985;4555;1753;274;1414;331;4;984
10;986;4555;3167;274;43;-1;4;984
10;987;4829;1753;274;1457;-2;3;974
10;988;4829;1753;274;1414;332;4;987
10;989;4829;3167;274;43;-1;4;987
10;990;5103;1753;24;1457;-1;3;974
10;991;5127;0;848;3210;-2;1;917
10;992;5127;0;848;1503;209;2;991
10;993;5127;1503;848;1707;-2;2;991
10;994;5127;1503;398;1707;-2;3;993
10;995;5127;1503;398;1684;151;4;994
10;996;5127;3187;398;23;-1;4;994
10;997;5525;1503;398;1707;-2;3;993
10;998;5525;1503;398;1684;152;4;997
10;999;5525;3187;398;23;-1;4;997
10;1000;5923;1503;52;1707;-1;3;993
10;1001;5975;0;25;3210;-1;1;917
11;1002;0;0;6000;3210;-2;0;
11;1003;0;0;457;3210;-2;1;1002
11;1004;0;0;457;856;333;2;1003
11;1005;0;856;457;1644;-2;2;1003
11;1006;0;856;388;1644;153;3;1005
11;1007;388;856;69;1644;-1;3;1005
11;1008;0;2500;457;710;-2;2;1003
11;1009;0;2500;308;710;-2;3;1008
11;1010;0;2500;308;584;210;4;1009
11;1011;0;3084;308;126;-1;4;1009
11;1012;308;2500;149;710;-1;3;1008
11;1013;457;0;582;3210;-2;1;1002
11;1014;457;0;582;1966;334;2;1013
11;1015;457;1966;582;1244;-2;2;1013
11;1016;457;1966;464;1244;-2;3;1015
11;1017;457;1966;464;1206;335;4;1016
11;1018;457;3172;464;38;-1;4;1016
11;1019;921;1966;118;1244;-1;3;1015
11;1020;1039;0;710;3210;-2;1;1002
11;1021;1039;0;710;1640;32;2;1020
11;1022;1039;1640;710;398;-2;2;1020
11;1023;1039;1640;684;398;211;3;1022
11;1024;1723;1640;26;398;-1;3;1022
11;1025;1039;2038;710;1172;-2;2;1020
11;1026;1039;2038;308;1172;-2;3;1025
11;1027;1039;2038;308;974;212;4;1026
11;1028;1039;3012;308;198;-1;4;1026
11;1029;1347;2038;348;1172;-2;3;1025
11;1030;1347;2038;348;1018;90;4;1029
11;1031;1347;3056;348;154;-1;4;1029
11;1032;1695;2038;54;1172;-1;3;1025
11;1033;1749;0;586;3210;-2;1;1002
11;1034;1749;0;586;1247;-2;2;1033
11;1035;1749;0;293;1247;-2;3;1034
11;1036;1749;0;293;1224;213;4;1035
11;1037;1749;1224;293;23;-1;4;1035
11;1038;2042;0;293;1247;-2;3;1034
11;1039;2042;0;293;1224;214;4;1038
11;1040;2042;1224;293;23;-1;4;1038
11;1041;1749;1247;586;664;-2;2;1033
11;1042;1749;1247;523;664;280;3;1041
11;1043;2272;1247;63;664;-1;3;1041
11;1044;1749;1911;586;1299;-2;2;1033
11;1045;1749;1911;283;1299;-2;3;1044
11;1046;1749;1911;283;1224;215;4;1045
11;1047;1749;3135;283;75;-1;4;1045
11;1048;2032;1911;20;1299;-1;3;1044
11;1049;2052;1911;283;1299;-2;3;1044
11;1050;2052;1911;283;1224;216;4;1049
11;1051;2052;3135;283;75;-1;4;1049
11;1052;2335;0;1170;3210;-2;1;1002
11;1053;2335;0;1170;1980;-2;2;1052
11;1054;2335;0;585;1980;217;3;1053
11;1055;2920;0;585;1980;218;3;1053
11;1056;2335;1980;1170;602;-2;2;1052
11;1057;2335;1980;1147;602;183;3;1056
11;1058;3482;1980;23;602;-1;3;1056
11;1059;2335;2582;1170;628;-2;2;1052
11;1060;2335;2582;1147;628;-2;3;1059
11;1061;2335;2582;1147;602;184;4;1060
11;1062;2335;3184;1147;26;-1;4;1060
11;1063;3482;2582;23;628;-1;3;1059
11;1064;3505;0;868;3210;-2;1;1002
11;1065;3505;0;868;1388;219;2;1064
11;1066;3505;1388;868;1503;-2;2;1064
11;1067;3505;1388;848;1503;220;3;1066
11;1068;4353;1388;20;1503;-1;3;1066
11;1069;3505;2891;868;319;-2;2;1064
11;1070;3505;2891;585;319;-2;3;1069
11;1071;3505;2891;585;292;62;4;1070
11;1072;3505;3183;585;27;-1;4;1070
11;1073;4090;2891;283;319;-1;3;1069
11;1074;4373;0;339;3210;-2;1;1002
11;1075;4373;0;339;1276;33;2;1074
11;1076;4373;1276;339;1276;34;2;1074
11;1077;4373;2552;339;658;-2;2;1074
11;1078;4373;2552;308;658;-2;3;1077
11;1079;4373;2552;308;584;221;4;1078
11;1080;4373;3136;308;74;-1;4;1078
11;1081;4681;2552;31;658;-1;3;1077
11;1082;4712;0;1236;3210;-2;1;1002
11;1083;4712;0;1236;720;-2;2;1082
11;1084;4712;0;838;720;35;3;1083
11;1085;5550;0;398;720;-2;3;1083
11;1086;5550;0;398;684;222;4;1085
11;1087;5550;684;398;36;-1;4;1085
11;1088;4712;720;1236;464;-2;2;1082
11;1089;4712;720;1206;464;336;3;1088
11;1090;5918;720;30;464;-1;3;1088
11;1091;4712;1184;1236;695;-2;2;1082
11;1092;4712;1184;921;695;308;3;1091
11;1093;5633;1184;292;695;-2;3;1091
11;1094;5633;1184;292;585;63;4;1093
11;1095;5633;1769;292;110;-1;4;1093
11;1096;5925;1184;23;695;-1;3;1091
11;1097;4712;1879;1236;1331;-2;2;1082
11;1098;4712;1879;512;1331;-2;3;1097
11;1099;4712;1879;512;1310;361;4;1098
11;1100;4712;3189;512;21;-1;4;1098
11;1101;5224;1879;348;1331;-2;3;1097
11;1102;5224;1879;348;1018;91;4;1101
11;1103;5224;2897;348;313;-1;4;1101
11;1104;5572;1879;308;1331;-2;3;1097
11;1105;5572;1879;308;974;223;4;1104
11;1106;5572;2853;308;357;-1;4;1104
11;1107;5880;1879;68;1331;-1;3;1097
11;1108;5948;0;52;3210;-1;1;1002
12;1109;0;0;6000;3210;-2;0;
12;1110;0;0;970;3210;-2;1;1109
12;1111;0;0;970;1966;-2;2;1110
12;1112;0;0;582;1966;337;3;1111
12;1113;582;0;388;1966;-2;3;1111
12;1114;582;0;388;1644;154;4;1113
12;1115;582;1644;388;322;-1;4;1113
12;1116;0;1966;970;1244;-2;2;1110
12;1117;0;1966;464;1244;-2;3;1116
12;1118;0;1966;464;1206;338;4;1117
12;1119;0;3172;464;38;-1;4;1117
12;1120;464;1966;464;1244;-2;3;1116
12;1121;464;1966;464;1206;339;4;1120
12;1122;464;3172;464;38;-1;4;1120
12;1123;928;1966;42;1244;-1;3;1116
12;1124;970;0;620;3210;-2;1;1109
12;1125;970;0;620;1453;155;2;1124
12;1126;970;1453;620;1453;156;2;1124
12;1127;970;2906;620;304;-1;2;1124
12;1128;1590;0;4410;3210;-3;1;1109
