PLATE_ID;NODE_ID;X;Y;WIDTH;HEIGHT;TYPE;CUT;PARENT
0;0;0;0;6000;3210;-2;0;
0;1;0;0;2792;3210;-2;1;0
0;2;0;0;2792;2103;-2;2;1
0;3;0;0;633;2103;150;3;2
0;4;633;0;633;2103;151;3;2
0;5;1266;0;752;2103;-2;3;2
0;6;1266;0;752;2061;100;4;5
0;7;1266;2061;752;42;-1;4;5
0;8;2018;0;722;2103;-2;3;2
0;9;2018;0;722;2031;101;4;8
0;10;2018;2031;722;72;-1;4;8
0;11;2740;0;52;2103;-1;3;2
0;12;0;2103;2792;1107;-2;2;1
0;13;0;2103;668;1107;-2;3;12
0;14;0;2103;668;1079;196;4;13
0;15;0;3182;668;28;-1;4;13
0;16;668;2103;822;1107;-2;3;12
0;17;668;2103;822;1031;102;4;16
0;18;668;3134;822;76;-1;4;16
0;19;1490;2103;822;1107;-2;3;12
0;20;1490;2103;822;1031;103;4;19
0;21;1490;3134;822;76;-1;4;19
0;22;2312;2103;480;1107;-2;3;12
0;23;2312;2103;480;1075;246;4;22
0;24;2312;3178;480;32;-1;4;22
0;25;2792;0;608;3210;-2;1;0
0;26;2792;0;608;1323;171;2;25
0;27;2792;1323;608;680;-2;2;25
0;28;2792;1323;569;680;271;3;27
0;29;3361;1323;39;680;-1;3;27
0;30;2792;2003;608;1207;-2;2;25
0;31;2792;2003;525;1207;-2;3;30
0;32;2792;2003;525;1153;125;4;31
0;33;2792;3156;525;54;-1;4;31
0;34;3317;2003;83;1207;-1;3;30
0;35;3400;0;822;3210;-2;1;0
0;36;3400;0;822;1031;104;2;35
0;37;3400;1031;822;20;-1;2;35
0;38;3400;1051;822;1094;152;2;35
0;39;3400;2145;822;1031;105;2;35
0;40;3400;3176;822;34;-1;2;35
0;41;4222;0;1778;3210;-2;1;0
0;42;4222;0;1778;1322;-2;2;41
0;43;4222;0;931;1322;75;3;42
0;44;5153;0;808;1322;-2;3;42
0;45;5153;0;808;1290;247;4;44
0;46;5153;1290;808;32;-1;4;44
0;47;5961;0;39;1322;-1;3;42
0;48;4222;1322;1778;1322;-2;2;41
0;49;4222;1322;931;1322;76;3;48
0;50;5153;1322;822;1322;-2;3;48
0;51;5153;1322;822;1094;153;4;50
0;52;5153;2416;822;228;-1;4;50
0;53;5975;1322;25;1322;-1;3;48
0;54;4222;2644;1778;566;-2;2;41
0;55;4222;2644;1698;566;248;3;54
0;56;5920;2644;80;566;-1;3;54
1;57;0;0;6000;3210;-2;0;
1;58;0;0;1756;3210;-2;1;57
1;59;0;0;1756;1370;-2;2;58
1;60;0;0;439;1370;126;3;59
1;61;439;0;439;1370;127;3;59
1;62;878;0;439;1370;128;3;59
1;63;1317;0;439;1370;129;3;59
1;64;0;1370;1756;566;-2;2;58
1;65;0;1370;1698;566;249;3;64
1;66;1698;1370;58;566;-1;3;64
1;67;0;1936;1756;1274;-2;2;58
1;68;0;1936;525;1274;-2;3;67
1;69;0;1936;525;1244;106;4;68
1;70;0;3180;525;30;-1;4;68
1;71;525;1936;678;1274;-2;3;67
1;72;525;1936;678;1239;172;4;71
1;73;525;3175;678;35;-1;4;71
1;74;1203;1936;525;1274;-2;3;67
1;75;1203;1936;525;1244;107;4;74
1;76;1203;3180;525;30;-1;4;74
1;77;1728;1936;28;1274;-1;3;67
1;78;1756;0;1988;3210;-2;1;57
1;79;1756;0;1988;554;-2;2;78
1;80;1756;0;1963;554;197;3;79
1;81;3719;0;25;554;-1;3;79
1;82;1756;554;1988;549;198;2;78
1;83;1756;1103;1988;549;199;2;78
1;84;1756;1652;1988;549;200;2;78
1;85;1756;2201;1988;549;201;2;78
1;86;1756;2750;1988;460;-2;2;78
1;87;1756;2750;1470;460;-2;3;86
1;88;1756;2750;1470;439;130;4;87
1;89;1756;3189;1470;21;-1;4;87
1;90;3226;2750;486;460;-2;3;86
1;91;3226;2750;486;432;154;4;90
1;92;3226;3182;486;28;-1;4;90
1;93;3712;2750;32;460;-1;3;86
1;94;3744;0;2256;3210;-2;1;57
1;95;3744;0;2256;1244;-2;2;94
1;96;3744;0;525;1244;108;3;95
1;97;4269;0;525;1244;109;3;95
1;98;4794;0;525;1244;110;3;95
1;99;5319;0;681;1244;-2;3;95
1;100;5319;0;681;1195;0;4;99
1;101;5319;1195;681;49;-1;4;99
1;102;3744;1244;2256;1244;-2;2;94
1;103;3744;1244;525;1244;111;3;102
1;104;4269;1244;525;1244;112;3;102
1;105;4794;1244;525;1244;113;3;102
1;106;5319;1244;681;1244;-2;3;102
1;107;5319;1244;681;1195;1;4;106
1;108;5319;2439;681;49;-1;4;106
1;109;3744;2488;2256;722;-2;2;94
1;110;3744;2488;2000;722;-2;3;109
1;111;3744;2488;2000;680;202;4;110
1;112;3744;3168;2000;42;-1;4;110
1;113;5744;2488;256;722;-1;3;109
2;114;0;0;6000;3210;-2;0;
2;115;0;0;931;3210;-2;1;114
2;116;0;0;931;1322;77;2;115
2;117;0;1322;931;925;114;2;115
2;118;0;2247;931;925;115;2;115
2;119;0;3172;931;38;-1;2;115
2;120;931;0;1304;3210;-2;1;114
2;121;931;0;1304;2061;-2;2;120
2;122;931;0;552;2061;-2;3;121
2;123;931;0;552;1961;78;4;122
2;124;931;1961;552;100;-1;4;122
2;125;1483;0;752;2061;79;3;121
2;126;931;2061;1304;726;-2;2;120
2;127;931;2061;1265;726;2;3;126
2;128;2196;2061;39;726;-1;3;126
2;129;931;2787;1304;423;-2;2;120
2;130;931;2787;1006;423;-2;3;129
2;131;931;2787;1006;400;272;4;130
2;132;931;3187;1006;23;-1;4;130
2;133;1937;2787;298;423;-1;3;129
2;134;2235;0;1080;3210;-2;1;114
2;135;2235;0;1080;440;-2;2;134
2;136;2235;0;1031;440;-2;3;135
2;137;2235;0;1031;413;221;4;136
2;138;2235;413;1031;27;-1;4;136
2;139;3266;0;49;440;-1;3;135
2;140;2235;440;1080;1210;-2;2;134
2;141;2235;440;504;1210;80;3;140
2;142;2739;440;504;1210;81;3;140
2;143;3243;440;72;1210;-1;3;140
2;144;2235;1650;1080;717;3;2;134
2;145;2235;2367;1080;843;-2;2;134
2;146;2235;2367;499;843;-2;3;145
2;147;2235;2367;499;800;203;4;146
2;148;2235;3167;499;43;-1;4;146
2;149;2734;2367;508;843;-2;3;145
2;150;2734;2367;508;819;204;4;149
2;151;2734;3186;508;24;-1;4;149
2;152;3242;2367;73;843;-1;3;145
2;153;3315;0;784;3210;-2;1;114
2;154;3315;0;784;1555;25;2;153
2;155;3315;1555;784;1555;26;2;153
2;156;3315;3110;784;100;-1;2;153
2;157;4099;0;1364;3210;-2;1;114
2;158;4099;0;1364;1470;-2;2;157
2;159;4099;0;439;1470;131;3;158
2;160;4538;0;439;1470;132;3;158
2;161;4977;0;439;1470;133;3;158
2;162;5416;0;47;1470;-1;3;158
2;163;4099;1470;1364;748;173;2;157
2;164;4099;2218;1364;992;-2;2;157
2;165;4099;2218;490;992;-2;3;164
2;166;4099;2218;490;965;250;4;165
2;167;4099;3183;490;27;-1;4;165
2;168;4589;2218;495;992;-2;3;164
2;169;4589;2218;495;965;251;4;168
2;170;4589;3183;495;27;-1;4;168
2;171;5084;2218;337;992;-2;3;164
2;172;5084;2218;337;928;273;4;171
2;173;5084;3146;337;64;-1;4;171
2;174;5421;2218;42;992;-1;3;164
2;175;5463;0;509;3210;-2;1;114
2;176;5463;0;509;1140;27;2;175
2;177;5463;1140;509;1025;-2;2;175
2;178;5463;1140;476;1025;252;3;177
2;179;5939;1140;33;1025;-1;3;177
2;180;5463;2165;509;1045;-2;2;175
2;181;5463;2165;476;1045;-2;3;180
2;182;5463;2165;476;1025;253;4;181
2;183;5463;3190;476;20;-1;4;181
2;184;5939;2165;33;1045;-1;3;180
2;185;5972;0;28;3210;-1;1;114
3;186;0;0;6000;3210;-2;0;
3;187;0;0;2060;3210;-2;1;186
3;188;0;0;2060;1374;-2;2;187
3;189;0;0;778;1374;174;3;188
3;190;778;0;778;1374;175;3;188
3;191;1556;0;504;1374;-2;3;188
3;192;1556;0;504;1210;82;4;191
3;193;1556;1210;504;164;-1;4;191
3;194;0;1374;2060;1210;-2;2;187
3;195;0;1374;504;1210;83;3;194
3;196;504;1374;504;1210;84;3;194
3;197;1008;1374;504;1210;85;3;194
3;198;1512;1374;509;1210;-2;3;194
3;199;1512;1374;509;1140;28;4;198
3;200;1512;2514;509;70;-1;4;198
3;201;2021;1374;39;1210;-1;3;194
3;202;0;2584;2060;626;-2;2;187
3;203;0;2584;2028;626;-2;3;202
3;204;0;2584;2028;600;86;4;203
3;205;0;3184;2028;26;-1;4;203
3;206;2028;2584;32;626;-1;3;202
3;207;2060;0;1876;3210;-2;1;186
3;208;2060;0;1876;1961;-2;2;207
3;209;2060;0;938;1961;29;3;208
3;210;2998;0;938;1961;30;3;208
3;211;2060;1961;1876;1249;-2;2;207
3;212;2060;1961;881;1249;-2;3;211
3;213;2060;1961;881;1210;31;4;212
3;214;2060;3171;881;39;-1;4;212
3;215;2941;1961;881;1249;-2;3;211
3;216;2941;1961;881;1210;32;4;215
3;217;2941;3171;881;39;-1;4;215
3;218;3822;1961;114;1249;-1;3;211
3;219;3936;0;2064;3210;-2;1;186
3;220;3936;0;2064;601;-2;2;219
3;221;3936;0;2028;601;87;3;220
3;222;5964;0;36;601;-1;3;220
3;223;3936;601;2064;425;-2;2;219
3;224;3936;601;1016;425;88;3;223
3;225;4952;601;1016;425;89;3;223
3;226;5968;601;32;425;-1;3;223
3;227;3936;1026;2064;425;-2;2;219
3;228;3936;1026;1016;425;90;3;227
3;229;4952;1026;1016;425;91;3;227
3;230;5968;1026;32;425;-1;3;227
3;231;3936;1451;2064;946;-2;2;219
3;232;3936;1451;1952;946;92;3;231
3;233;5888;1451;112;946;-1;3;231
3;234;3936;2397;2064;813;-2;2;219
3;235;3936;2397;953;813;-2;3;234
3;236;3936;2397;953;781;33;4;235
3;237;3936;3178;953;32;-1;4;235
3;238;4889;2397;1080;813;-2;3;234
3;239;4889;2397;1080;717;4;4;238
3;240;4889;3114;1080;96;-1;4;238
3;241;5969;2397;31;813;-1;3;234
4;242;0;0;6000;3210;-2;0;
4;243;0;0;1562;3210;-2;1;242
4;244;0;0;1562;1254;-2;2;243
4;245;0;0;781;1254;34;3;244
4;246;781;0;781;1254;35;3;244
4;247;0;1254;1562;925;-2;2;243
4;248;0;1254;931;925;116;3;247
4;249;931;1254;602;925;-2;3;247
4;250;931;1254;602;896;155;4;249
4;251;931;2150;602;29;-1;4;249
4;252;1533;1254;29;925;-1;3;247
4;253;0;2179;1562;1031;-2;2;243
4;254;0;2179;539;1031;-2;3;253
4;255;0;2179;539;41;-2;4;254
4;256;0;2220;539;990;50;4;254
4;257;539;2179;499;1031;-2;3;253
4;258;539;2179;499;1005;205;4;257
4;259;539;3184;499;26;-1;4;257
4;260;1038;2179;499;1031;-2;3;253
4;261;1038;2179;499;1005;206;4;260
4;262;1038;3184;499;26;-1;4;260
4;263;1537;2179;25;1031;-1;3;253
4;264;1562;0;916;3210;-2;1;242
4;265;1562;0;916;925;156;2;264
4;266;1562;925;916;925;157;2;264
4;267;1562;1850;916;925;158;2;264
4;268;1562;2775;916;435;-2;2;264
4;269;1562;2775;773;435;134;3;268
4;270;2335;2775;143;435;-1;3;268
4;271;2478;0;1226;3210;-2;1;242
4;272;2478;0;1226;472;135;2;271
4;273;2478;472;1226;472;136;2;271
4;274;2478;944;1226;472;137;2;271
4;275;2478;1416;1226;359;-2;2;271
4;276;2478;1416;1109;359;176;3;275
4;277;3587;1416;117;359;-1;3;275
4;278;2478;1775;1226;472;138;2;271
4;279;2478;2247;1226;469;-2;2;271
4;280;2478;2247;1185;469;207;3;279
4;281;3663;2247;41;469;-1;3;279
4;282;2478;2716;1226;494;-2;2;271
4;283;2478;2716;1185;494;-2;3;282
4;284;2478;2716;1185;469;208;4;283
4;285;2478;3185;1185;25;-1;4;283
4;286;3663;2716;41;494;-1;3;282
4;287;3704;0;925;3210;-2;1;242
4;288;3704;0;925;931;117;2;287
4;289;3704;931;925;916;159;2;287
4;290;3704;1847;925;931;118;2;287
4;291;3704;2778;925;432;-2;2;287
4;292;3704;2778;878;432;-2;3;291
4;293;3704;2778;878;357;274;4;292
4;294;3704;3135;878;75;-1;4;292
4;295;4582;2778;47;432;-1;3;291
4;296;4629;0;820;3210;-2;1;242
4;297;4629;0;820;584;-2;2;296
4;298;4629;0;790;584;-2;3;297
4;299;4629;0;790;539;51;4;298
4;300;4629;539;790;45;-1;4;298
4;301;5419;0;30;584;-1;3;297
4;302;4629;584;820;539;-2;2;296
4;303;4629;584;790;539;52;3;302
4;304;5419;584;30;539;-1;3;302
4;305;4629;1123;820;620;53;2;296
4;306;4629;1743;820;441;-2;2;296
4;307;4629;1743;781;441;36;3;306
4;308;5410;1743;39;441;-1;3;306
4;309;4629;2184;820;1026;-2;2;296
4;310;4629;2184;781;1026;-2;3;309
4;311;4629;2184;781;954;37;4;310
4;312;4629;3138;781;72;-1;4;310
4;313;5410;2184;39;1026;-1;3;309
4;314;5449;0;522;3210;-2;1;242
4;315;5449;0;522;1189;-2;2;314
4;316;5449;0;485;1189;209;3;315
4;317;5934;0;37;1189;-1;3;315
4;318;5449;1189;522;1019;-2;2;314
4;319;5449;1189;488;1019;254;3;318
4;320;5937;1189;34;1019;-1;3;318
4;321;5449;2208;522;916;160;2;314
4;322;5449;3124;522;86;-1;2;314
4;323;5971;0;29;3210;-1;1;242
5;324;0;0;6000;3210;-2;0;
5;325;0;0;1850;3210;-2;1;324
5;326;0;0;1850;2214;-2;2;325
5;327;0;0;499;2214;54;3;326
5;328;499;0;499;2214;55;3;326
5;329;998;0;852;2214;-2;3;326
5;330;998;0;852;2146;139;4;329
5;331;998;2146;852;68;-1;4;329
5;332;0;2214;1850;996;-2;2;325
5;333;0;2214;925;996;-2;3;332
5;334;0;2214;925;931;119;4;333
5;335;0;3145;925;65;-1;4;333
5;336;925;2214;925;996;-2;3;332
5;337;925;2214;925;916;120;4;336
5;338;925;3130;925;80;-1;4;336
5;339;1850;0;1972;3210;-2;1;324
5;340;1850;0;1972;2058;-2;2;339
5;341;1850;0;613;2058;56;3;340
5;342;2463;0;746;2058;-2;3;340
5;343;2463;0;746;1952;161;4;342
5;344;2463;1952;746;106;-1;4;342
5;345;3209;0;613;2058;57;3;340
5;346;1850;2058;1972;1152;-2;2;339
5;347;1850;2058;1016;1152;-2;3;346
5;348;1850;2058;1016;1122;58;4;347
5;349;1850;3180;1016;30;-1;4;347
5;350;2866;2058;931;1152;-2;3;346
5;351;2866;2058;931;1118;140;4;350
5;352;2866;3176;931;34;-1;4;350
5;353;3797;2058;25;1152;-1;3;346
5;354;3822;0;948;3210;-2;1;324
5;355;3822;0;948;1230;-2;2;354
5;356;3822;0;474;1230;210;3;355
5;357;4296;0;474;1230;211;3;355
5;358;3822;1230;948;916;-2;2;354
5;359;3822;1230;925;916;121;3;358
5;360;4747;1230;23;916;-1;3;358
5;361;3822;2146;948;504;-2;2;354
5;362;3822;2146;910;504;59;3;361
5;363;4732;2146;38;504;-1;3;361
5;364;3822;2650;948;560;-2;2;354
5;365;3822;2650;910;560;-2;3;364
5;366;3822;2650;910;504;60;4;365
5;367;3822;3154;910;56;-1;4;365
5;368;4732;2650;38;560;-1;3;364
5;369;4770;0;1230;3210;-2;1;324
5;370;4770;0;1230;499;-2;2;369
5;371;4770;0;1205;499;212;3;370
5;372;5975;0;25;499;-1;3;370
5;373;4770;499;1230;413;222;2;369
5;374;4770;912;1230;499;-2;2;369
5;375;4770;912;1205;499;213;3;374
5;376;5975;912;25;499;-1;3;374
5;377;4770;1411;1230;707;-2;2;369
5;378;4770;1411;1195;707;38;3;377
5;379;5965;1411;35;707;-1;3;377
5;380;4770;2118;1230;707;-2;2;369
5;381;4770;2118;1195;707;39;3;380
5;382;5965;2118;35;707;-1;3;380
5;383;4770;2825;1230;385;-2;2;369
5;384;4770;2825;1109;385;-2;3;383
5;385;4770;2825;1109;359;177;4;384
5;386;4770;3184;1109;26;-1;4;384
5;387;5879;2825;121;385;-1;3;383
6;388;0;0;6000;3210;-2;0;
6;389;0;0;402;3210;-2;1;388
6;390;0;0;402;157;-1;2;389
6;391;0;157;402;1469;178;2;389
6;392;0;1626;402;1469;179;2;389
6;393;0;3095;402;115;-1;2;389
6;394;402;0;1414;3210;-2;1;388
6;395;402;0;1414;1195;-2;2;394
6;396;402;0;707;1195;40;3;395
6;397;1109;0;707;1195;41;3;395
6;398;402;1195;1414;1195;-2;2;394
6;399;402;1195;707;1195;42;3;398
6;400;1109;1195;707;1195;43;3;398
6;401;402;2390;1414;820;-2;2;394
6;402;402;2390;499;820;-2;3;401
6;403;402;2390;499;800;214;4;402
6;404;402;3190;499;20;-1;4;402
6;405;901;2390;409;820;-2;3;401
6;406;901;2390;409;750;93;4;405
6;407;901;3140;409;70;-1;4;405
6;408;1310;2390;409;820;-2;3;401
6;409;1310;2390;409;750;94;4;408
6;410;1310;3140;409;70;-1;4;408
6;411;1719;2390;97;820;-1;3;401
6;412;1816;0;552;3210;-2;1;388
6;413;1816;0;552;1019;-2;2;412
6;414;1816;0;488;1019;255;3;413
6;415;2304;0;64;1019;-1;3;413
6;416;1816;1019;552;2046;162;2;412
6;417;1816;3065;552;145;-1;2;412
6;418;2368;0;1078;3210;-2;1;388
6;419;2368;0;1078;2055;-2;2;418
6;420;2368;0;539;2055;-2;3;419
6;421;2368;0;539;2004;61;4;420
6;422;2368;2004;539;51;-1;4;420
6;423;2907;0;539;2055;-2;3;419
6;424;2907;0;539;2004;62;4;423
6;425;2907;2004;539;51;-1;4;423
6;426;2368;2055;1078;722;-2;2;418
6;427;2368;2055;1031;722;122;3;426
6;428;3399;2055;47;722;-1;3;426
6;429;2368;2777;1078;433;-2;2;418
6;430;2368;2777;1031;433;-2;3;429
6;431;2368;2777;1031;413;223;4;430
6;432;2368;3190;1031;20;-1;4;430
6;433;3399;2777;47;433;-1;3;429
6;434;3446;0;931;3210;-2;1;388
6;435;3446;0;931;1322;123;2;434
6;436;3446;1322;931;1322;124;2;434
6;437;3446;2644;931;566;-2;2;434
6;438;3446;2644;703;566;-2;3;437
6;439;3446;2644;703;522;141;4;438
6;440;3446;3166;703;44;-1;4;438
6;441;4149;2644;228;566;-1;3;437
6;442;4377;0;503;3210;-2;1;388
6;443;4377;0;503;1494;-2;2;442
6;444;4377;0;437;1494;180;3;443
6;445;4814;0;66;1494;-1;3;443
6;446;4377;1494;503;1131;-2;2;442
6;447;4377;1494;475;1131;142;3;446
6;448;4852;1494;28;1131;-1;3;446
6;449;4377;2625;503;522;163;2;442
6;450;4377;3147;503;63;-1;2;442
6;451;4880;0;1120;3210;-2;1;388
6;452;4880;0;1120;717;-2;2;451
6;453;4880;0;1095;717;5;3;452
6;454;5975;0;25;717;-1;3;452
6;455;4880;717;1120;717;-2;2;451
6;456;4880;717;1095;717;6;3;455
6;457;5975;717;25;717;-1;3;455
6;458;4880;1434;1120;469;-2;2;451
6;459;4880;1434;55;469;-1;3;458
6;460;4935;1434;1065;469;275;3;458
6;461;4880;1903;1120;1307;-2;2;451
6;462;4880;1903;413;1307;-2;3;461
6;463;4880;1903;413;1230;224;4;462
6;464;4880;3133;413;77;-1;4;462
6;465;5293;1903;707;1307;-2;3;461
6;466;5293;1903;707;1195;44;4;465
6;467;5293;3098;707;112;-1;4;465
7;468;0;0;6000;3210;-2;0;
7;469;0;0;1656;3210;-2;1;468
7;470;0;0;1656;1232;-2;2;469
7;471;0;0;414;1232;225;3;470
7;472;414;0;414;1232;226;3;470
7;473;828;0;414;1232;227;3;470
7;474;1242;0;414;1232;228;3;470
7;475;0;1232;1656;720;-2;2;469
7;476;0;1232;802;720;7;3;475
7;477;802;1232;802;720;8;3;475
7;478;1604;1232;52;720;-1;3;475
7;479;0;1952;1656;1258;-2;2;469
7;480;0;1952;707;1258;-2;3;479
7;481;0;1952;707;1195;45;4;480
7;482;0;3147;707;63;-1;4;480
7;483;707;1952;499;1258;-2;3;479
7;484;707;1952;499;1205;215;4;483
7;485;707;3157;499;53;-1;4;483
7;486;1206;1952;415;1258;-2;3;479
7;487;1206;1952;415;1230;229;4;486
7;488;1206;3182;415;28;-1;4;486
7;489;1621;1952;35;1258;-1;3;479
7;490;1656;0;466;3210;-2;1;468
7;491;1656;0;466;1494;-2;2;490
7;492;1656;0;29;1494;-1;3;491
7;493;1685;0;437;1494;181;3;491
7;494;1656;1494;466;843;-2;2;490
7;495;1656;1494;417;843;63;3;494
7;496;2073;1494;49;843;-1;3;494
7;497;1656;2337;466;873;-2;2;490
7;498;1656;2337;417;873;-2;3;497
7;499;1656;2337;417;843;64;4;498
7;500;1656;3180;417;30;-1;4;498
7;501;2073;2337;49;873;-1;3;497
7;502;2122;0;1252;3210;-2;1;468
7;503;2122;0;1252;435;-2;2;502
7;504;2122;0;1230;435;-2;3;503
7;505;2122;0;1230;415;230;4;504
7;506;2122;415;1230;20;-1;4;504
7;507;3352;0;22;435;-1;3;503
7;508;2122;435;1252;707;-2;2;502
7;509;2122;435;1195;707;46;3;508
7;510;3317;435;57;707;-1;3;508
7;511;2122;1142;1252;415;-2;2;502
7;512;2122;1142;1232;415;231;3;511
7;513;3354;1142;20;415;-1;3;511
7;514;2122;1557;1252;1195;-2;2;502
7;515;2122;1557;707;1195;47;3;514
7;516;2829;1557;28;1195;-1;3;514
7;517;2857;1557;475;1195;-2;3;514
7;518;2857;1557;475;1131;143;4;517
7;519;2857;2688;475;64;-1;4;517
7;520;3332;1557;42;1195;-1;3;514
7;521;2122;2752;1252;458;-2;2;502
7;522;2122;2752;1232;458;-2;3;521
7;523;2122;2752;1232;415;232;4;522
7;524;2122;3167;1232;43;-1;4;522
7;525;3354;2752;20;458;-1;3;521
7;526;3374;0;2051;3210;-2;1;468
7;527;3374;0;2051;493;-2;2;526
7;528;3374;0;28;493;-1;3;527
7;529;3402;0;2023;493;233;3;527
7;530;3374;493;2051;493;-2;2;526
7;531;3374;493;2023;493;234;3;530
7;532;5397;493;28;493;-1;3;530
7;533;3374;986;2051;515;-2;2;526
7;534;3374;986;2023;515;235;3;533
7;535;5397;986;28;515;-1;3;533
7;536;3374;1501;2051;515;-2;2;526
7;537;3374;1501;2023;515;236;3;536
7;538;5397;1501;28;515;-1;3;536
7;539;3374;2016;2051;680;-2;2;526
7;540;3374;2016;1895;680;237;3;539
7;541;5269;2016;156;680;-1;3;539
7;542;3374;2696;2051;514;-2;2;526
7;543;3374;2696;975;514;-2;3;542
7;544;3374;2696;975;490;256;4;543
7;545;3374;3186;975;24;-1;4;543
7;546;4349;2696;975;514;-2;3;542
7;547;4349;2696;975;490;257;4;546
7;548;4349;3186;975;24;-1;4;546
7;549;5324;2696;101;514;-1;3;542
7;550;5425;0;539;3210;-2;1;468
7;551;5425;0;539;990;95;2;550
7;552;5425;990;539;990;96;2;550
7;553;5425;1980;539;1230;-2;2;550
7;554;5425;1980;499;1230;-2;3;553
7;555;5425;1980;499;1205;216;4;554
7;556;5425;3185;499;25;-1;4;554
7;557;5924;1980;40;1230;-1;3;553
7;558;5964;0;36;3210;-1;1;468
8;559;0;0;6000;3210;-2;0;
8;560;0;0;950;3210;-2;1;559
8;561;0;0;950;2019;-2;2;560
8;562;0;0;908;2019;238;3;561
8;563;908;0;42;2019;-1;3;561
8;564;0;2019;950;1191;-2;2;560
8;565;0;2019;475;1191;-2;3;564
8;566;0;2019;475;1131;144;4;565
8;567;0;3150;475;60;-1;4;565
8;568;475;2019;475;1191;-2;3;564
8;569;475;2019;475;1131;145;4;568
8;570;475;3150;475;60;-1;4;568
8;571;950;0;2204;3210;-2;1;559
8;572;950;0;2204;1970;-2;2;571
8;573;950;0;1102;1970;9;3;572
8;574;2052;0;1102;1970;10;3;572
8;575;950;1970;2204;454;-2;2;571
8;576;950;1970;2088;454;258;3;575
8;577;3038;1970;116;454;-1;3;575
8;578;950;2424;2204;786;-2;2;571
8;579;950;2424;492;786;-2;3;578
8;580;950;2424;492;760;164;4;579
8;581;950;3184;492;26;-1;4;579
8;582;1442;2424;492;786;-2;3;578
8;583;1442;2424;492;760;165;4;582
8;584;1442;3184;492;26;-1;4;582
8;585;1934;2424;1195;786;-2;3;578
8;586;1934;2424;1195;707;48;4;585
8;587;1934;3131;1195;79;-1;4;585
8;588;3129;2424;25;786;-1;3;578
8;589;3154;0;2098;3210;-2;1;559
8;590;3154;0;2098;1102;-2;2;589
8;591;3154;0;1970;1102;11;3;590
8;592;5124;0;128;1102;-1;3;590
8;593;3154;1102;2098;2108;-2;2;589
8;594;3154;1102;454;2108;-2;3;593
8;595;3154;1102;454;2088;259;4;594
8;596;3154;3190;454;20;-1;4;594
8;597;3608;1102;346;2108;-2;3;593
8;598;3608;1102;346;70;-1;4;597
8;599;3608;1172;346;2038;182;4;597
8;600;3954;1102;346;2108;-2;3;593
8;601;3954;1102;346;70;-1;4;600
8;602;3954;1172;346;2038;183;4;600
8;603;4300;1102;476;2108;-2;3;593
8;604;4300;1102;476;2088;260;4;603
8;605;4300;3190;476;20;-1;4;603
8;606;4776;1102;476;2108;-2;3;593
8;607;4776;1102;476;2088;261;4;606
8;608;4776;3190;476;20;-1;4;606
8;609;5252;0;748;3210;-2;1;559
8;610;5252;0;748;947;-2;2;609
8;611;5252;0;725;947;184;3;610
8;612;5977;0;23;947;-1;3;610
8;613;5252;947;748;1005;-2;2;609
8;614;5252;947;680;1005;217;3;613
8;615;5932;947;68;1005;-1;3;613
8;616;5252;1952;748;1258;-2;2;609
8;617;5252;1952;707;1258;-2;3;616
8;618;5252;1952;707;1195;49;4;617
8;619;5252;3147;707;63;-1;4;617
8;620;5959;1952;41;1258;-1;3;616
9;621;0;0;6000;3210;-2;0;
9;622;0;0;1717;3210;-2;1;621
9;623;0;0;1717;500;262;2;622
9;624;0;500;1717;500;263;2;622
9;625;0;1000;1717;549;-2;2;622
9;626;0;1000;1654;549;239;3;625
9;627;1654;1000;63;549;-1;3;625
9;628;0;1549;1717;549;-2;2;622
9;629;0;1549;1654;549;240;3;628
9;630;1654;1549;63;549;-1;3;628
9;631;0;2098;1717;549;-2;2;622
9;632;0;2098;1654;549;241;3;631
9;633;1654;2098;63;549;-1;3;631
9;634;0;2647;1717;563;-2;2;622
9;635;0;2647;1659;563;242;3;634
9;636;1659;2647;58;563;-1;3;634
9;637;1717;0;1102;3210;-2;1;621
9;638;1717;0;1102;1970;12;2;637
9;639;1717;1970;1102;590;-2;2;637
9;640;1717;1970;1065;590;166;3;639
9;641;2782;1970;37;590;-1;3;639
9;642;1717;2560;1102;650;-2;2;637
9;643;1717;2560;1065;650;-2;3;642
9;644;1717;2560;1065;590;167;4;643
9;645;1717;3150;1065;60;-1;4;643
9;646;2782;2560;37;650;-1;3;642
9;647;2819;0;888;3210;-2;1;621
9;648;2819;0;888;1508;264;2;647
9;649;2819;1508;888;1702;-2;2;647
9;650;2819;1508;413;1702;-2;3;649
9;651;2819;1508;413;1524;65;4;650
9;652;2819;3032;413;178;-1;4;650
9;653;3232;1508;20;1702;-1;3;649
9;654;3252;1508;413;1702;-2;3;649
9;655;3252;1508;413;1524;66;4;654
9;656;3252;3032;413;178;-1;4;654
9;657;3665;1508;42;1702;-1;3;649
9;658;3707;0;778;3210;-2;1;621
9;659;3707;0;778;1374;185;2;658
9;660;3707;1374;778;875;-2;2;658
9;661;3707;1374;389;875;168;3;660
9;662;4096;1374;389;875;169;3;660
9;663;3707;2249;778;961;-2;2;658
9;664;3707;2249;733;961;-2;3;663
9;665;3707;2249;733;921;13;4;664
9;666;3707;3170;733;40;-1;4;664
9;667;4440;2249;45;961;-1;3;663
9;668;4485;0;1458;3210;-2;1;621
9;669;4485;0;1458;778;-2;2;668
9;670;4485;0;1374;778;186;3;669
9;671;5859;0;84;778;-1;3;669
9;672;4485;778;1458;785;-2;2;668
9;673;4485;778;1402;785;187;3;672
9;674;5887;778;56;785;-1;3;672
9;675;4485;1563;1458;785;188;2;668
9;676;4485;2348;1458;862;-2;2;668
9;677;4485;2348;1402;862;-2;3;676
9;678;4485;2348;1402;835;189;4;677
9;679;4485;3183;1402;27;-1;4;677
9;680;5887;2348;56;862;-1;3;676
9;681;5943;0;57;3210;-1;1;621
10;682;0;0;6000;3210;-2;0;
10;683;0;0;2038;3210;-2;1;682
10;684;0;0;2038;855;190;2;683
10;685;0;855;2038;855;191;2;683
10;686;0;1710;2038;539;-2;2;683
10;687;0;1710;990;539;97;3;686
10;688;990;1710;990;539;98;3;686
10;689;1980;1710;58;539;-1;3;686
10;690;0;2249;2038;961;-2;2;683
10;691;0;2249;733;961;-2;3;690
10;692;0;2249;733;921;14;4;691
10;693;0;3170;733;40;-1;4;691
10;694;733;2249;633;961;-2;3;690
10;695;733;2249;633;921;15;4;694
10;696;733;3170;633;40;-1;4;694
10;697;1366;2249;633;961;-2;3;690
10;698;1366;2249;633;921;16;4;697
10;699;1366;3170;633;40;-1;4;697
10;700;1999;2249;39;961;-1;3;690
10;701;2038;0;2466;3210;-2;1;682
10;702;2038;0;2466;2063;-2;2;701
10;703;2038;0;1233;2063;17;3;702
10;704;3271;0;1233;2063;18;3;702
10;705;2038;2063;2466;1147;-2;2;701
10;706;2038;2063;810;1147;-2;3;705
10;707;2038;2063;810;1100;218;4;706
10;708;2038;3163;810;47;-1;4;706
10;709;2848;2063;810;1147;-2;3;705
10;710;2848;2063;810;1100;219;4;709
10;711;2848;3163;810;47;-1;4;709
10;712;3658;2063;810;1147;-2;3;705
10;713;3658;2063;810;1100;220;4;712
10;714;3658;3163;810;47;-1;4;712
10;715;4468;2063;36;1147;-1;3;705
10;716;4504;0;533;3210;-2;1;682
10;717;4504;0;533;1482;146;2;716
10;718;4504;1482;533;1190;-2;2;716
10;719;4504;1482;513;1190;192;3;718
10;720;5017;1482;20;1190;-1;3;718
10;721;4504;2672;533;538;-2;2;716
10;722;4504;2672;505;538;-2;3;721
10;723;4504;2672;505;430;265;4;722
10;724;4504;3102;505;108;-1;4;722
10;725;5009;2672;28;538;-1;3;721
10;726;5037;0;963;3210;-2;1;682
10;727;5037;0;963;1524;-2;2;726
10;728;5037;0;914;1524;67;3;727
10;729;5951;0;49;1524;-1;3;727
10;730;5037;1524;963;1686;-2;2;726
10;731;5037;1524;929;1686;-2;3;730
10;732;5037;1524;929;1554;68;4;731
10;733;5037;3078;929;132;-1;4;731
10;734;5966;1524;34;1686;-1;3;730
11;735;0;0;6000;3210;-2;0;
11;736;0;0;1153;3210;-2;1;735
11;737;0;0;1153;1659;-2;2;736
11;738;0;0;564;1659;243;3;737
11;739;564;0;564;1659;244;3;737
11;740;1128;0;25;1659;-1;3;737
11;741;0;1659;1153;476;-2;2;736
11;742;0;1659;1095;476;276;3;741
11;743;1095;1659;58;476;-1;3;741
11;744;0;2135;1153;525;170;2;736
11;745;0;2660;1153;550;-2;2;736
11;746;0;2660;1120;550;-2;3;745
11;747;0;2660;1120;490;277;4;746
11;748;0;3150;1120;60;-1;4;746
11;749;1120;2660;33;550;-1;3;745
11;750;1153;0;972;3210;-2;1;735
11;751;1153;0;972;1985;-2;2;750
11;752;1153;0;933;1985;19;3;751
11;753;2086;0;39;1985;-1;3;751
11;754;1153;1985;972;1225;-2;2;750
11;755;1153;1985;476;1225;-2;3;754
11;756;1153;1985;476;1180;278;4;755
11;757;1153;3165;476;45;-1;4;755
11;758;1629;1985;476;1225;-2;3;754
11;759;1629;1985;476;1180;279;4;758
11;760;1629;3165;476;45;-1;4;758
11;761;2105;1985;20;1225;-1;3;754
11;762;2125;0;1523;3210;-2;1;735
11;763;2125;0;1523;2043;-2;2;762
11;764;2125;0;933;2043;-2;3;763
11;765;2125;0;933;1985;20;4;764
11;766;2125;1985;933;58;-1;4;764
11;767;3058;0;590;2043;280;3;763
11;768;2125;2043;1523;1167;-2;2;762
11;769;2125;2043;475;1167;-2;3;768
11;770;2125;2043;475;1050;281;4;769
11;771;2125;3093;475;117;-1;4;769
11;772;2600;2043;476;1167;-2;3;768
11;773;2600;2043;476;1095;282;4;772
11;774;2600;3138;476;72;-1;4;772
11;775;3076;2043;476;1167;-2;3;768
11;776;3076;2043;476;1100;283;4;775
11;777;3076;3143;476;67;-1;4;775
11;778;3552;2043;96;1167;-1;3;768
11;779;3648;0;554;3210;-2;1;735
11;780;3648;0;554;1963;245;2;779
11;781;3648;1963;554;1247;-2;2;779
11;782;3648;1963;476;1247;-2;3;781
11;783;3648;1963;476;1100;284;4;782
11;784;3648;3063;476;147;-1;4;782
11;785;4124;1963;78;1247;-1;3;781
11;786;4202;0;1773;3210;-2;1;735
11;787;4202;0;1773;2051;-2;2;786
11;788;4202;0;740;2051;147;3;787
11;789;4942;0;1033;2051;-2;3;787
11;790;4942;0;1033;2021;21;4;789
11;791;4942;2021;1033;30;-1;4;789
11;792;4202;2051;1773;620;-2;2;786
11;793;4202;2051;430;620;-2;3;792
11;794;4202;2051;430;560;266;4;793
11;795;4202;2611;430;60;-1;4;793
11;796;4632;2051;430;620;-2;3;792
11;797;4632;2051;430;560;267;4;796
11;798;4632;2611;430;60;-1;4;796
11;799;5062;2051;430;620;-2;3;792
11;800;5062;2051;430;560;268;4;799
11;801;5062;2611;430;60;-1;4;799
11;802;5492;2051;450;620;269;3;792
11;803;5942;2051;33;620;-1;3;792
11;804;4202;2671;1773;539;-2;2;786
11;805;4202;2671;1090;539;-2;3;804
11;806;4202;2671;1090;490;285;4;805
11;807;4202;3161;1090;49;-1;4;805
11;808;5292;2671;620;539;-2;3;804
11;809;5292;2671;620;490;270;4;808
11;810;5292;3161;620;49;-1;4;808
11;811;5912;2671;63;539;-1;3;804
11;812;5975;0;25;3210;-1;1;735
12;813;0;0;6000;3210;-2;0;
12;814;0;0;1984;3210;-2;1;813
12;815;0;0;1984;765;-2;2;814
12;816;0;0;1882;765;69;3;815
12;817;1882;0;102;765;-1;3;815
12;818;0;765;1984;781;70;2;814
12;819;0;1546;1984;1244;-2;2;814
12;820;0;1546;522;1244;148;3;819
12;821;522;1546;414;1244;-2;3;819
12;822;522;1546;414;1040;71;4;821
12;823;522;2586;414;204;-1;4;821
12;824;936;1546;513;1244;-2;3;819
12;825;936;1546;513;1190;193;4;824
12;826;936;2736;513;54;-1;4;824
12;827;1449;1546;490;1244;-2;3;819
12;828;1449;1546;490;1090;286;4;827
12;829;1449;2636;490;154;-1;4;827
12;830;1939;1546;45;1244;-1;3;819
12;831;0;2790;1984;420;-2;2;814
12;832;0;2790;1963;420;-2;3;831
12;833;0;2790;1963;390;287;4;832
12;834;0;3180;1963;30;-1;4;832
12;835;1963;2790;21;420;-1;3;831
12;836;1984;0;1033;3210;-2;1;813
12;837;1984;0;1033;2021;22;2;836
12;838;1984;2021;1033;1189;-2;2;836
12;839;1984;2021;469;1189;-2;3;838
12;840;1984;2021;469;1065;288;4;839
12;841;1984;3086;469;124;-1;4;839
12;842;2453;2021;471;1189;-2;3;838
12;843;2453;2021;471;1090;289;4;842
12;844;2453;3111;471;99;-1;4;842
12;845;2924;2021;93;1189;-1;3;838
12;846;3017;0;2063;3210;-2;1;813
12;847;3017;0;2063;1033;23;2;846
12;848;3017;1033;2063;1033;24;2;846
12;849;3017;2066;2063;1144;-2;2;846
12;850;3017;2066;471;1144;-2;3;849
12;851;3017;2066;471;1090;290;4;850
12;852;3017;3156;471;54;-1;4;850
12;853;3488;2066;471;1144;-2;3;849
12;854;3488;2066;471;1090;291;4;853
12;855;3488;3156;471;54;-1;4;853
12;856;3959;2066;471;1144;-2;3;849
12;857;3959;2066;471;1090;292;4;856
12;858;3959;3156;471;54;-1;4;856
12;859;4430;2066;621;1144;-2;3;849
12;860;4430;2066;621;819;194;4;859
12;861;4430;2885;621;325;-1;4;859
12;862;5051;2066;29;1144;-1;3;849
12;863;5080;0;920;3210;-2;1;813
12;864;5080;0;920;1095;-2;2;863
12;865;5080;0;414;1095;-2;3;864
12;866;5080;0;414;1040;72;4;865
12;867;5080;1040;414;55;-1;4;865
12;868;5494;0;471;1095;293;3;864
12;869;5965;0;35;1095;-1;3;864
12;870;5080;1095;920;2115;-2;2;863
12;871;5080;1095;892;2115;-2;3;870
12;872;5080;1095;892;2062;195;4;871
12;873;5080;3157;892;53;-1;4;871
12;874;5972;1095;28;2115;-1;3;870
13;875;0;0;6000;3210;-2;0;
13;876;0;0;1499;3210;-2;1;875
13;877;0;0;1499;1150;-2;2;876
13;878;0;0;449;1150;73;3;877
13;879;449;0;990;1150;-2;3;877
13;880;449;0;990;539;99;4;879
13;881;449;539;990;611;-1;4;879
13;882;1439;0;60;1150;-1;3;877
13;883;0;1150;1499;471;-2;2;876
13;884;0;1150;404;471;-1;3;883
13;885;404;1150;1095;471;294;3;883
13;886;0;1621;1499;449;-2;2;876
13;887;0;1621;1150;449;74;3;886
13;888;1150;1621;349;449;-1;3;886
13;889;0;2070;1499;1140;-2;2;876
13;890;0;2070;221;1140;-1;3;889
13;891;221;2070;722;1140;-2;3;889
13;892;221;2070;722;1031;149;4;891
13;893;221;3101;722;109;-1;4;891
13;894;943;2070;475;1140;-2;3;889
13;895;943;2070;475;1080;295;4;894
13;896;943;3150;475;60;-1;4;894
13;897;1418;2070;81;1140;-1;3;889
13;898;1499;0;4501;3210;-3;1;875
