PLATE_ID;NODE_ID;X;Y;WIDTH;HEIGHT;TYPE;CUT;PARENT
0;0;0;0;6000;3210;-2;0;
0;1;0;0;626;3210;-2;1;0
0;2;0;0;626;1397;-2;2;1
0;3;0;0;313;1397;50;3;2
0;4;313;0;313;1397;51;3;2
0;5;0;1397;626;342;-2;2;1
0;6;0;1397;33;342;-1;3;5
0;7;33;1397;566;342;25;3;5
0;8;599;1397;27;342;-1;3;5
0;9;0;1739;626;1471;-2;2;1
0;10;0;1739;313;1471;-2;3;9
0;11;0;1739;313;1427;52;4;10
0;12;0;3166;313;44;-1;4;10
0;13;313;1739;313;1471;-2;3;9
0;14;313;1739;313;1427;53;4;13
0;15;313;3166;313;44;-1;4;13
0;16;626;0;3312;3210;-2;1;0
0;17;626;0;3312;1656;-2;2;16
0;18;626;0;470;1656;100;3;17
0;19;1096;0;470;1656;101;3;17
0;20;1566;0;470;1656;102;3;17
0;21;2036;0;470;1656;103;3;17
0;22;2506;0;470;1656;104;3;17
0;23;2976;0;470;1656;105;3;17
0;24;3446;0;470;1656;106;3;17
0;25;3916;0;22;1656;-1;3;17
0;26;626;1656;3312;470;-2;2;16
0;27;626;1656;1656;470;107;3;26
0;28;2282;1656;1656;470;108;3;26
0;29;626;2126;3312;1084;-2;2;16
0;30;626;2126;459;1084;-2;3;29
0;31;626;2126;459;68;-2;4;30
0;32;626;2194;459;1016;275;4;30
0;33;1085;2126;460;1084;-2;3;29
0;34;1085;2126;460;68;-1;4;33
0;35;1085;2194;460;1016;276;4;33
0;36;1545;2126;460;1084;-2;3;29
0;37;1545;2126;460;68;-1;4;36
0;38;1545;2194;460;1016;277;4;36
0;39;2005;2126;460;1084;-2;3;29
0;40;2005;2126;460;68;-1;4;39
0;41;2005;2194;460;1016;278;4;39
0;42;2465;2126;460;1084;-2;3;29
0;43;2465;2126;460;68;-1;4;42
0;44;2465;2194;460;1016;279;4;42
0;45;2925;2126;361;1084;-2;3;29
0;46;2925;2126;361;1019;280;4;45
0;47;2925;3145;361;65;-1;4;45
0;48;3286;2126;542;1084;-2;3;29
0;49;3286;2126;542;985;175;4;48
0;50;3286;3111;542;99;-1;4;48
0;51;3828;2126;110;1084;-1;3;29
0;52;3938;0;1479;3210;-2;1;0
0;53;3938;0;1479;323;-2;2;52
0;54;3938;0;1427;323;54;3;53
0;55;5365;0;52;323;-1;3;53
0;56;3938;323;1479;323;-2;2;52
0;57;3938;323;1427;323;55;3;56
0;58;5365;323;52;323;-1;3;56
0;59;3938;646;1479;1196;-2;2;52
0;60;3938;646;493;1196;75;3;59
0;61;4431;646;493;1196;76;3;59
0;62;4924;646;493;1196;77;3;59
0;63;3938;1842;1479;985;-2;2;52
0;64;3938;1842;542;985;176;3;63
0;65;4480;1842;542;985;177;3;63
0;66;5022;1842;367;985;-2;3;63
0;67;5022;1842;367;931;200;4;66
0;68;5022;2773;367;54;-1;4;66
0;69;5389;1842;28;985;-1;3;63
0;70;3938;2827;1479;383;-2;2;52
0;71;3938;2827;1427;383;-2;3;70
0;72;3938;2827;1427;323;56;4;71
0;73;3938;3150;1427;60;-1;4;71
0;74;5365;2827;52;383;-1;3;70
0;75;5417;0;583;3210;-2;1;0
0;76;5417;0;583;891;-2;2;75
0;77;5417;0;558;891;400;3;76
0;78;5975;0;25;891;-1;3;76
0;79;5417;891;583;891;-2;2;75
0;80;5417;891;558;891;401;3;79
0;81;5975;891;25;891;-1;3;79
0;82;5417;1782;583;816;-2;2;75
0;83;5417;1782;488;816;375;3;82
0;84;5905;1782;95;816;-1;3;82
0;85;5417;2598;583;612;-2;2;75
0;86;5417;2598;342;612;-2;3;85
0;87;5417;2598;342;566;26;4;86
0;88;5417;3164;342;46;-1;4;86
0;89;5759;2598;201;612;-2;3;85
0;90;5759;2598;201;581;201;4;89
0;91;5759;3179;201;31;-1;4;89
0;92;5960;2598;40;612;-1;3;85
1;93;0;0;6000;3210;-2;0;
1;94;0;0;1834;3210;-2;1;93
1;95;0;0;1834;473;78;2;94
1;96;0;473;1834;473;79;2;94
1;97;0;946;1834;473;80;2;94
1;98;0;1419;1834;473;81;2;94
1;99;0;1892;1834;473;82;2;94
1;100;0;2365;1834;473;83;2;94
1;101;0;2838;1834;372;-2;2;94
1;102;0;2838;1766;372;150;3;101
1;103;1766;2838;68;372;-1;3;101
1;104;1834;0;3312;3210;-2;1;93
1;105;1834;0;3312;497;-2;2;104
1;106;1834;0;1637;497;376;3;105
1;107;3471;0;1637;497;377;3;105
1;108;5108;0;38;497;-1;3;105
1;109;1834;497;3312;985;-2;2;104
1;110;1834;497;542;985;178;3;109
1;111;2376;497;542;985;179;3;109
1;112;2918;497;542;985;180;3;109
1;113;3460;497;542;985;181;3;109
1;114;4002;497;542;985;182;3;109
1;115;4544;497;542;985;183;3;109
1;116;5086;497;60;985;-1;3;109
1;117;1834;1482;3312;497;-2;2;104
1;118;1834;1482;1637;497;378;3;117
1;119;3471;1482;1637;497;379;3;117
1;120;5108;1482;38;497;-1;3;117
1;121;1834;1979;3312;470;-2;2;104
1;122;1834;1979;1656;470;109;3;121
1;123;3490;1979;1656;470;110;3;121
1;124;1834;2449;3312;382;-2;2;104
1;125;1834;2449;759;382;0;3;124
1;126;2593;2449;759;382;1;3;124
1;127;3352;2449;759;382;2;3;124
1;128;4111;2449;759;382;3;3;124
1;129;4870;2449;276;382;-1;3;124
1;130;1834;2831;3312;379;-2;2;104
1;131;1834;2831;1427;379;-2;3;130
1;132;1834;2831;1427;323;57;4;131
1;133;1834;3154;1427;56;-1;4;131
1;134;3261;2831;921;379;-2;3;130
1;135;3261;2831;921;357;27;4;134
1;136;3261;3188;921;22;-1;4;134
1;137;4182;2831;921;379;-2;3;130
1;138;4182;2831;921;357;28;4;137
1;139;4182;3188;921;22;-1;4;137
1;140;5103;2831;43;379;-1;3;130
1;141;5146;0;854;3210;-2;1;93
1;142;5146;0;854;388;-2;2;141
1;143;5146;0;818;388;202;3;142
1;144;5964;0;36;388;-1;3;142
1;145;5146;388;854;1813;-2;2;141
1;146;5146;388;417;1813;84;3;145
1;147;5563;388;417;1813;85;3;145
1;148;5980;388;20;1813;-1;3;145
1;149;5146;2201;854;505;-2;2;141
1;150;5146;2201;818;505;203;3;149
1;151;5964;2201;36;505;-1;3;149
1;152;5146;2706;854;504;-2;2;141
1;153;5146;2706;695;504;-2;3;152
1;154;5146;2706;695;114;-2;4;153
1;155;5146;2820;695;390;300;4;153
1;156;5841;2706;159;504;-1;3;152
2;157;0;0;6000;3210;-2;0;
2;158;0;0;406;3210;-2;1;157
2;159;0;0;406;1766;-2;2;158
2;160;0;0;372;1766;151;3;159
2;161;372;0;34;1766;-1;3;159
2;162;0;1766;406;710;410;2;158
2;163;0;2476;406;710;411;2;158
2;164;0;3186;406;24;-1;2;158
2;165;406;0;1145;3210;-2;1;157
2;166;406;0;1145;1587;-2;2;165
2;167;406;0;375;1587;325;3;166
2;168;781;0;385;1587;326;3;166
2;169;1166;0;385;1587;327;3;166
2;170;406;1587;1145;369;-2;2;165
2;171;406;1587;1115;369;225;3;170
2;172;1521;1587;30;369;-1;3;170
2;173;406;1956;1145;369;-2;2;165
2;174;406;1956;1115;369;226;3;173
2;175;1521;1956;30;369;-1;3;173
2;176;406;2325;1145;361;-2;2;165
2;177;406;2325;1110;361;350;3;176
2;178;1516;2325;35;361;-1;3;176
2;179;406;2686;1145;524;-2;2;165
2;180;406;2686;557;524;-2;3;179
2;181;406;2686;557;501;351;4;180
2;182;406;3187;557;23;-1;4;180
2;183;963;2686;557;524;-2;3;179
2;184;963;2686;557;501;352;4;183
2;185;963;3187;557;23;-1;4;183
2;186;1520;2686;31;524;-1;3;179
2;187;1551;0;942;3210;-2;1;157
2;188;1551;0;942;1750;-2;2;187
2;189;1551;0;471;1750;353;3;188
2;190;2022;0;471;1750;354;3;188
2;191;1551;1750;942;369;-2;2;187
2;192;1551;1750;920;369;250;3;191
2;193;2471;1750;22;369;-1;3;191
2;194;1551;2119;942;369;-2;2;187
2;195;1551;2119;920;369;251;3;194
2;196;2471;2119;22;369;-1;3;194
2;197;1551;2488;942;369;-2;2;187
2;198;1551;2488;920;369;252;3;197
2;199;2471;2488;22;369;-1;3;197
2;200;1551;2857;942;353;-2;2;187
2;201;1551;2857;872;353;-2;3;200
2;202;1551;2857;872;321;227;4;201
2;203;1551;3178;872;32;-1;4;201
2;204;2423;2857;70;353;-1;3;200
2;205;2493;0;1845;3210;-2;1;157
2;206;2493;0;1845;471;-2;2;205
2;207;2493;0;1820;471;355;3;206
2;208;4313;0;25;471;-1;3;206
2;209;2493;471;1845;471;-2;2;205
2;210;2493;471;1820;471;356;3;209
2;211;4313;471;25;471;-1;3;209
2;212;2493;942;1845;476;-2;2;205
2;213;2493;942;1825;476;357;3;212
2;214;4318;942;20;476;-1;3;212
2;215;2493;1418;1845;476;-2;2;205
2;216;2493;1418;1825;476;358;3;215
2;217;4318;1418;20;476;-1;3;215
2;218;2493;1894;1845;1316;-2;2;205
2;219;2493;1894;334;1316;-2;3;218
2;220;2493;1894;334;1211;29;4;219
2;221;2493;3105;334;105;-1;4;219
2;222;2827;1894;334;1316;-2;3;218
2;223;2827;1894;334;1211;30;4;222
2;224;2827;3105;334;105;-1;4;222
2;225;3161;1894;574;1316;-2;3;218
2;226;3161;1894;574;1266;31;4;225
2;227;3161;3160;574;50;-1;4;225
2;228;3735;1894;574;1316;-2;3;218
2;229;3735;1894;574;1266;32;4;228
2;230;3735;3160;574;50;-1;4;228
2;231;4309;1894;29;1316;-1;3;218
2;232;4338;0;398;3210;-2;1;157
2;233;4338;0;398;1587;328;2;232
2;234;4338;1587;398;1587;329;2;232
2;235;4338;3174;398;36;-1;2;232
2;236;4736;0;473;3210;-2;1;157
2;237;4736;0;473;1510;-2;2;236
2;238;4736;0;435;1510;359;3;237
2;239;5171;0;38;1510;-1;3;237
2;240;4736;1510;473;556;402;2;236
2;241;4736;2066;473;556;403;2;236
2;242;4736;2622;473;556;404;2;236
2;243;4736;3178;473;32;-1;2;236
2;244;5209;0;791;3210;-2;1;157
2;245;5209;0;791;1617;-2;2;244
2;246;5209;0;385;1617;330;3;245
2;247;5594;0;385;1617;331;3;245
2;248;5979;0;21;1617;-1;3;245
2;249;5209;1617;791;1593;-2;2;244
2;250;5209;1617;435;1593;-2;3;249
2;251;5209;1617;435;1510;360;4;250
2;252;5209;3127;435;83;-1;4;250
2;253;5644;1617;330;1593;-2;3;249
2;254;5644;1617;330;1473;152;4;253
2;255;5644;3090;330;120;-1;4;253
2;256;5974;1617;26;1593;-1;3;249
3;257;0;0;6000;3210;-2;0;
3;258;0;0;385;3210;-2;1;257
3;259;0;0;385;1617;332;2;258
3;260;0;1617;385;1593;-2;2;258
3;261;0;1617;365;1593;-2;3;260
3;262;0;1617;365;1477;111;4;261
3;263;0;3094;365;116;-1;4;261
3;264;365;1617;20;1593;-1;3;260
3;265;385;0;385;3210;-2;1;257
3;266;385;0;385;1617;333;2;265
3;267;385;1617;385;1593;-2;2;265
3;268;385;1617;20;1593;-1;3;267
3;269;405;1617;365;1593;-2;3;267
3;270;405;1617;365;1477;112;4;269
3;271;405;3094;365;116;-1;4;269
3;272;770;0;1427;3210;-2;1;257
3;273;770;0;1427;355;58;2;272
3;274;770;355;1427;355;59;2;272
3;275;770;710;1427;390;60;2;272
3;276;770;1100;1427;390;61;2;272
3;277;770;1490;1427;424;-2;2;272
3;278;770;1490;1395;424;125;3;277
3;279;2165;1490;32;424;-1;3;277
3;280;770;1914;1427;424;-2;2;272
3;281;770;1914;1395;424;126;3;280
3;282;2165;1914;32;424;-1;3;280
3;283;770;2338;1427;421;-2;2;272
3;284;770;2338;1405;421;127;3;283
3;285;2175;2338;22;421;-1;3;283
3;286;770;2759;1427;451;-2;2;272
3;287;770;2759;1405;451;-2;3;286
3;288;770;2759;1405;421;128;4;287
3;289;770;3180;1405;30;-1;4;287
3;290;2175;2759;22;451;-1;3;286
3;291;2197;0;391;3210;-2;1;257
3;292;2197;0;391;29;-1;2;291
3;293;2197;29;391;1659;129;2;291
3;294;2197;1688;391;1522;-2;2;291
3;295;2197;1688;365;1522;-2;3;294
3;296;2197;1688;365;1477;113;4;295
3;297;2197;3165;365;45;-1;4;295
3;298;2562;1688;26;1522;-1;3;294
3;299;2588;0;1200;3210;-2;1;257
3;300;2588;0;1200;1659;-2;2;299
3;301;2588;0;391;1659;130;3;300
3;302;2979;0;391;1659;131;3;300
3;303;3370;0;391;1659;132;3;300
3;304;3761;0;27;1659;-1;3;300
3;305;2588;1659;1200;1551;-2;2;299
3;306;2588;1659;435;1551;-2;3;305
3;307;2588;1659;435;1510;361;4;306
3;308;2588;3169;435;41;-1;4;306
3;309;3023;1659;435;1551;-2;3;305
3;310;3023;1659;435;1510;362;4;309
3;311;3023;3169;435;41;-1;4;309
3;312;3458;1659;330;1551;-2;3;305
3;313;3458;1659;330;1473;153;4;312
3;314;3458;3132;330;78;-1;4;312
3;315;3788;0;627;3210;-2;1;257
3;316;3788;0;627;1180;-2;2;315
3;317;3788;0;567;1180;-2;3;316
3;318;3788;0;567;1160;86;4;317
3;319;3788;1160;567;20;-1;4;317
3;320;4355;0;60;1180;-1;3;316
3;321;3788;1180;627;985;184;2;315
3;322;3788;2165;627;985;185;2;315
3;323;3788;3150;627;60;-1;2;315
3;324;4415;0;522;3210;-2;1;257
3;325;4415;0;522;1392;-2;2;324
3;326;4415;0;493;1392;133;3;325
3;327;4908;0;29;1392;-1;3;325
3;328;4415;1392;522;982;301;2;324
3;329;4415;2374;522;836;-2;2;324
3;330;4415;2374;488;836;-2;3;329
3;331;4415;2374;488;777;33;4;330
3;332;4415;3151;488;59;-1;4;330
3;333;4903;2374;34;836;-1;3;329
3;334;4937;0;1063;3210;-2;1;257
3;335;4937;0;1063;1229;-2;2;334
3;336;4937;0;500;1229;87;3;335
3;337;5437;0;500;1229;88;3;335
3;338;5937;0;63;1229;-1;3;335
3;339;4937;1229;1063;1494;-2;2;334
3;340;4937;1229;379;1494;334;3;339
3;341;5316;1229;305;1494;-2;3;339
3;342;5316;1229;305;56;-1;4;341
3;343;5316;1285;305;1438;89;4;341
3;344;5621;1229;379;1494;335;3;339
3;345;4937;2723;1063;487;-2;2;334
3;346;4937;2723;1007;487;-2;3;345
3;347;4937;2723;1007;460;363;4;346
3;348;4937;3183;1007;27;-1;4;346
3;349;5944;2723;56;487;-1;3;345
4;350;0;0;6000;3210;-2;0;
4;351;0;0;810;3210;-2;1;350
4;352;0;0;810;2046;34;2;351
4;353;0;2046;810;382;-2;2;351
4;354;0;2046;759;382;4;3;353
4;355;759;2046;51;382;-1;3;353
4;356;0;2428;810;782;-2;2;351
4;357;0;2428;382;782;-2;3;356
4;358;0;2428;382;759;5;4;357
4;359;0;3187;382;23;-1;4;357
4;360;382;2428;382;782;-2;3;356
4;361;382;2428;382;759;6;4;360
4;362;382;3187;382;23;-1;4;360
4;363;764;2428;46;782;-1;3;356
4;364;810;0;2046;3210;-2;1;350
4;365;810;0;2046;810;35;2;364
4;366;810;810;2046;460;-2;2;364
4;367;810;810;1007;460;364;3;366
4;368;1817;810;1007;460;365;3;366
4;369;2824;810;32;460;-1;3;366
4;370;810;1270;2046;1112;-2;2;364
4;371;810;1270;536;1112;302;3;370
4;372;1346;1270;536;1112;303;3;370
4;373;1882;1270;536;1112;304;3;370
4;374;2418;1270;361;1112;-2;3;370
4;375;2418;1270;361;1019;281;4;374
4;376;2418;2289;361;93;-1;4;374
4;377;2779;1270;77;1112;-1;3;370
4;378;810;2382;2046;493;-2;2;364
4;379;810;2382;1392;493;134;3;378
4;380;2202;2382;596;493;-2;3;378
4;381;2202;2382;596;464;305;4;380
4;382;2202;2846;596;29;-1;4;380
4;383;2798;2382;58;493;-1;3;378
4;384;810;2875;2046;335;-2;2;364
4;385;810;2875;1438;335;-2;3;384
4;386;810;2875;1438;305;90;4;385
4;387;810;3180;1438;30;-1;4;385
4;388;2248;2875;579;335;253;3;384
4;389;2827;2875;29;335;-1;3;384
4;390;2856;0;540;3210;-2;1;350
4;391;2856;0;540;1559;254;2;390
4;392;2856;1559;540;1559;255;2;390
4;393;2856;3118;540;92;-1;2;390
4;394;3396;0;750;3210;-2;1;350
4;395;3396;0;750;1589;256;2;394
4;396;3396;1589;750;1621;-2;2;394
4;397;3396;1589;375;1621;-2;3;396
4;398;3396;1589;375;1567;336;4;397
4;399;3396;3156;375;54;-1;4;397
4;400;3771;1589;375;1621;-2;3;396
4;401;3771;1589;375;1567;337;4;400
4;402;3771;3156;375;54;-1;4;400
4;403;4146;0;385;3210;-2;1;350
4;404;4146;0;385;1711;-2;2;403
4;405;4146;0;357;1711;282;3;404
4;406;4503;0;28;1711;-1;3;404
4;407;4146;1711;385;1499;-2;2;403
4;408;4146;1711;365;1499;-2;3;407
4;409;4146;1711;365;1477;114;4;408
4;410;4146;3188;365;22;-1;4;408
4;411;4511;1711;20;1499;-1;3;407
4;412;4531;0;357;3210;-2;1;350
4;413;4531;0;357;1711;283;2;412
4;414;4531;1711;357;1499;-2;2;412
4;415;4531;1711;313;1499;-2;3;414
4;416;4531;1711;313;1437;62;4;415
4;417;4531;3148;313;62;-1;4;415
4;418;4844;1711;44;1499;-1;3;414
4;419;4888;0;591;3210;-2;1;350
4;420;4888;0;591;1661;257;2;419
4;421;4888;1661;591;20;-1;2;419
4;422;4888;1681;591;1010;186;2;419
4;423;4888;2691;591;519;-2;2;419
4;424;4888;2691;556;519;-2;3;423
4;425;4888;2691;556;473;405;4;424
4;426;4888;3164;556;46;-1;4;424
4;427;5444;2691;35;519;-1;3;423
4;428;5479;0;521;3210;-2;1;350
4;429;5479;0;521;1060;187;2;428
4;430;5479;1060;521;1060;188;2;428
4;431;5479;2120;521;1060;189;2;428
4;432;5479;3180;521;30;-1;2;428
5;433;0;0;6000;3210;-2;0;
5;434;0;0;962;3210;-2;1;433
5;435;0;0;962;1751;-2;2;434
5;436;0;0;591;1751;-2;3;435
5;437;0;0;591;1661;258;4;436
5;438;0;1661;591;90;-1;4;436
5;439;591;0;371;1751;284;3;435
5;440;0;1751;962;1459;-2;2;434
5;441;0;1751;313;1459;-2;3;440
5;442;0;1751;313;1437;63;4;441
5;443;0;3188;313;22;-1;4;441
5;444;313;1751;313;1459;-2;3;440
5;445;313;1751;313;1437;64;4;444
5;446;313;3188;313;22;-1;4;444
5;447;626;1751;313;1459;-2;3;440
5;448;626;1751;313;1437;65;4;447
5;449;626;3188;313;22;-1;4;447
5;450;939;1751;23;1459;-1;3;440
5;451;962;0;371;3210;-2;1;433
5;452;962;0;371;155;-1;2;451
5;453;962;155;371;1751;285;2;451
5;454;962;1906;371;1304;-2;2;451
5;455;962;1906;350;1304;-2;3;454
5;456;962;1906;350;1177;380;4;455
5;457;962;3083;350;127;-1;4;455
5;458;1312;1906;21;1304;-1;3;454
5;459;1333;0;2016;3210;-2;1;433
5;460;1333;0;2016;824;-2;2;459
5;461;1333;0;1970;824;259;3;460
5;462;3303;0;46;824;-1;3;460
5;463;1333;824;2016;487;260;2;459
5;464;1333;1311;2016;487;261;2;459
5;465;1333;1798;2016;872;-2;2;459
5;466;1333;1798;321;872;228;3;465
5;467;1654;1798;321;872;229;3;465
5;468;1975;1798;321;872;230;3;465
5;469;2296;1798;321;872;231;3;465
5;470;2617;1798;321;872;232;3;465
5;471;2938;1798;321;872;233;3;465
5;472;3259;1798;90;872;-1;3;465
5;473;1333;2670;2016;487;262;2;459
5;474;1333;3157;2016;53;-1;2;459
5;475;3349;0;2116;3210;-2;1;433
5;476;3349;0;2116;441;-2;2;475
5;477;3349;0;2083;441;263;3;476
5;478;5432;0;33;441;-1;3;476
5;479;3349;441;2116;441;-2;2;475
5;480;3349;441;2083;441;264;3;479
5;481;5432;441;33;441;-1;3;479
5;482;3349;882;2116;441;-2;2;475
5;483;3349;882;2083;441;265;3;482
5;484;5432;882;33;441;-1;3;482
5;485;3349;1323;2116;477;266;2;475
5;486;3349;1800;2116;477;267;2;475
5;487;3349;2277;2116;477;268;2;475
5;488;3349;2754;2116;456;-2;2;475
5;489;3349;2754;1024;456;-2;3;488
5;490;3349;2754;1024;424;154;4;489
5;491;3349;3178;1024;32;-1;4;489
5;492;4373;2754;39;456;-1;3;488
5;493;4412;2754;1024;456;-2;3;488
5;494;4412;2754;1024;424;155;4;493
5;495;4412;3178;1024;32;-1;4;493
5;496;5436;2754;29;456;-1;3;488
5;497;5465;0;535;3210;-2;1;433
5;498;5465;0;535;818;-2;2;497
5;499;5465;0;505;818;204;3;498
5;500;5970;0;30;818;-1;3;498
5;501;5465;818;535;616;-2;2;497
5;502;5465;818;488;616;269;3;501
5;503;5953;818;47;616;-1;3;501
5;504;5465;1434;535;459;-2;2;497
5;505;5465;1434;495;459;36;3;504
5;506;5960;1434;40;459;-1;3;504
5;507;5465;1893;535;616;-2;2;497
5;508;5465;1893;488;616;270;3;507
5;509;5953;1893;47;616;-1;3;507
5;510;5465;2509;535;701;-2;2;497
5;511;5465;2509;468;701;-2;3;510
5;512;5465;2509;468;576;406;4;511
5;513;5465;3085;468;125;-1;4;511
5;514;5933;2509;67;701;-1;3;510
6;515;0;0;6000;3210;-2;0;
6;516;0;0;831;3210;-2;1;515
6;517;0;0;831;1646;-2;2;516
6;518;0;0;395;1646;-2;3;517
6;519;0;0;395;1607;338;4;518
6;520;0;1607;395;39;-1;4;518
6;521;395;0;395;1646;-2;3;517
6;522;395;0;395;1607;339;4;521
6;523;395;1607;395;39;-1;4;521
6;524;790;0;41;1646;-1;3;517
6;525;0;1646;831;651;91;2;516
6;526;0;2297;831;913;-2;2;516
6;527;0;2297;464;913;-2;3;526
6;528;0;2297;464;841;7;4;527
6;529;0;3138;464;72;-1;4;527
6;530;464;2297;321;913;-2;3;526
6;531;464;2297;321;872;234;4;530
6;532;464;3169;321;41;-1;4;530
6;533;785;2297;46;913;-1;3;526
6;534;831;0;1898;3210;-2;1;515
6;535;831;0;1898;620;-2;2;534
6;536;831;0;1872;620;366;3;535
6;537;2703;0;26;620;-1;3;535
6;538;831;620;1898;402;-2;2;534
6;539;831;620;1848;402;286;3;538
6;540;2679;620;50;402;-1;3;538
6;541;831;1022;1898;1327;-2;2;534
6;542;831;1022;313;1327;92;3;541
6;543;1144;1022;313;1327;93;3;541
6;544;1457;1022;313;1327;94;3;541
6;545;1770;1022;313;1327;95;3;541
6;546;2083;1022;313;1327;96;3;541
6;547;2396;1022;313;1327;97;3;541
6;548;2709;1022;20;1327;-1;3;541
6;549;831;2349;1898;402;-2;2;534
6;550;831;2349;1848;402;287;3;549
6;551;2679;2349;50;402;-1;3;549
6;552;831;2751;1898;459;-2;2;534
6;553;831;2751;495;459;37;3;552
6;554;1326;2751;495;459;38;3;552
6;555;1821;2751;495;459;39;3;552
6;556;2316;2751;379;459;-2;3;552
6;557;2316;2751;379;420;340;4;556
6;558;2316;3171;379;39;-1;4;556
6;559;2695;2751;34;459;-1;3;552
6;560;2729;0;3248;3210;-2;1;515
6;561;2729;0;3248;841;-2;2;560
6;562;2729;0;464;841;8;3;561
6;563;3193;0;464;841;9;3;561
6;564;3657;0;464;841;10;3;561
6;565;4121;0;464;841;11;3;561
6;566;4585;0;464;841;12;3;561
6;567;5049;0;464;841;13;3;561
6;568;5513;0;464;841;14;3;561
6;569;2729;841;3248;464;-2;2;560
6;570;2729;841;841;464;15;3;569
6;571;3570;841;841;464;16;3;569
6;572;4411;841;841;464;17;3;569
6;573;5252;841;667;464;-2;3;569
6;574;5252;841;667;438;341;4;573
6;575;5252;1279;667;26;-1;4;573
6;576;5919;841;58;464;-1;3;569
6;577;2729;1305;3248;614;-2;2;560
6;578;2729;1305;1215;614;367;3;577
6;579;3944;1305;1215;614;368;3;577
6;580;5159;1305;468;614;-2;3;577
6;581;5159;1305;468;576;407;4;580
6;582;5159;1881;468;38;-1;4;580
6;583;5627;1305;350;614;-1;3;577
6;584;2729;1919;3248;841;-2;2;560
6;585;2729;1919;464;841;18;3;584
6;586;3193;1919;464;841;19;3;584
6;587;3657;1919;464;841;20;3;584
6;588;4121;1919;464;841;21;3;584
6;589;4585;1919;464;841;22;3;584
6;590;5049;1919;464;841;23;3;584
6;591;5513;1919;464;841;24;3;584
6;592;2729;2760;3248;450;-2;2;560
6;593;2729;2760;1024;450;-2;3;592
6;594;2729;2760;1024;424;156;4;593
6;595;2729;3184;1024;26;-1;4;593
6;596;3753;2760;1024;450;-2;3;592
6;597;3753;2760;1024;424;157;4;596
6;598;3753;3184;1024;26;-1;4;596
6;599;4777;2760;1034;450;-2;3;592
6;600;4777;2760;1034;429;158;4;599
6;601;4777;3189;1034;21;-1;4;599
6;602;5811;2760;166;450;-1;3;592
6;603;5977;0;23;3210;-1;1;515
7;604;0;0;6000;3210;-2;0;
7;605;0;0;1076;3210;-2;1;604
7;606;0;0;1076;1671;-2;2;605
7;607;0;0;538;1671;66;3;606
7;608;538;0;538;1671;67;3;606
7;609;0;1671;1076;654;-2;2;605
7;610;0;1671;1046;654;205;3;609
7;611;1046;1671;30;654;-1;3;609
7;612;0;2325;1076;416;-2;2;605
7;613;0;2325;1054;416;206;3;612
7;614;1054;2325;22;416;-1;3;612
7;615;0;2741;1076;469;-2;2;605
7;616;0;2741;1034;469;-2;3;615
7;617;0;2741;1034;429;159;4;616
7;618;0;3170;1034;40;-1;4;616
7;619;1034;2741;42;469;-1;3;615
7;620;1076;0;1186;3210;-2;1;604
7;621;1076;0;1186;1016;-2;2;620
7;622;1076;0;593;1016;135;3;621
7;623;1669;0;593;1016;136;3;621
7;624;1076;1016;1186;306;-2;2;620
7;625;1076;1016;34;306;-1;3;624
7;626;1110;1016;1115;306;288;3;624
7;627;2225;1016;37;306;-1;3;624
7;628;1076;1322;1186;473;408;2;620
7;629;1076;1795;1186;473;409;2;620
7;630;1076;2268;1186;455;-2;2;620
7;631;1076;2268;1158;455;207;3;630
7;632;2234;2268;28;455;-1;3;630
7;633;1076;2723;1186;487;-2;2;620
7;634;1076;2723;1158;487;-2;3;633
7;635;1076;2723;1158;455;208;4;634
7;636;1076;3178;1158;32;-1;4;634
7;637;2234;2723;28;487;-1;3;633
7;638;2262;0;470;3210;-2;1;604
7;639;2262;0;470;1573;137;2;638
7;640;2262;1573;470;1573;138;2;638
7;641;2262;3146;470;64;-1;2;638
7;642;2732;0;470;3210;-2;1;604
7;643;2732;0;470;1573;139;2;642
7;644;2732;1573;470;1573;140;2;642
7;645;2732;3146;470;64;-1;2;642
7;646;3202;0;470;3210;-2;1;604
7;647;3202;0;470;1573;141;2;646
7;648;3202;1573;470;1573;142;2;646
7;649;3202;3146;470;64;-1;2;646
7;650;3672;0;470;3210;-2;1;604
7;651;3672;0;470;1573;143;2;650
7;652;3672;1573;470;1573;144;2;650
7;653;3672;3146;470;64;-1;2;650
7;654;4142;0;470;3210;-2;1;604
7;655;4142;0;470;1573;145;2;654
7;656;4142;1573;470;1573;146;2;654
7;657;4142;3146;470;64;-1;2;654
7;658;4612;0;1388;3210;-2;1;604
7;659;4612;0;1388;266;-2;2;658
7;660;4612;0;1362;266;235;3;659
7;661;5974;0;26;266;-1;3;659
7;662;4612;266;1388;266;-2;2;658
7;663;4612;266;1362;266;236;3;662
7;664;5974;266;26;266;-1;3;662
7;665;4612;532;1388;266;-2;2;658
7;666;4612;532;1362;266;237;3;665
7;667;5974;532;26;266;-1;3;665
7;668;4612;798;1388;266;-2;2;658
7;669;4612;798;1362;266;238;3;668
7;670;5974;798;26;266;-1;3;668
7;671;4612;1064;1388;313;-2;2;658
7;672;4612;1064;1357;313;98;3;671
7;673;5969;1064;31;313;-1;3;671
7;674;4612;1377;1388;313;-2;2;658
7;675;4612;1377;1357;313;99;3;674
7;676;5969;1377;31;313;-1;3;674
7;677;4612;1690;1388;1520;-2;2;658
7;678;4612;1690;617;1520;-2;3;677
7;679;4612;1690;617;1476;40;4;678
7;680;4612;3166;617;44;-1;4;678
7;681;5229;1690;330;1520;-2;3;677
7;682;5229;1690;330;1497;115;4;681
7;683;5229;3187;330;23;-1;4;681
7;684;5559;1690;401;1520;-2;3;677
7;685;5559;1690;401;1493;239;4;684
7;686;5559;3183;401;27;-1;4;684
7;687;5960;1690;40;1520;-1;3;677
8;688;0;0;6000;3210;-2;0;
8;689;0;0;1176;3210;-2;1;688
8;690;0;0;1176;1691;-2;2;689
8;691;0;0;563;1691;68;3;690
8;692;563;0;563;1691;69;3;690
8;693;1126;0;50;1691;-1;3;690
8;694;0;1691;1176;1519;-2;2;689
8;695;0;1691;846;1519;-2;3;694
8;696;0;1691;846;1476;41;4;695
8;697;0;3167;846;43;-1;4;695
8;698;846;1691;330;1519;-2;3;694
8;699;846;1691;330;1497;116;4;698
8;700;846;3188;330;22;-1;4;698
8;701;1176;0;2046;3210;-2;1;688
8;702;1176;0;2046;1934;-2;2;701
8;703;1176;0;778;1934;42;3;702
8;704;1954;0;470;1934;-2;3;702
8;705;1954;0;470;1656;147;4;704
8;706;1954;1656;470;278;-1;4;704
8;707;2424;0;20;1934;-1;3;702
8;708;2444;0;778;1934;43;3;702
8;709;1176;1934;2046;903;-2;2;701
8;710;1176;1934;2019;903;44;3;709
8;711;3195;1934;27;903;-1;3;709
8;712;1176;2837;2046;373;-2;2;701
8;713;1176;2837;1177;373;-2;3;712
8;714;1176;2837;1177;350;381;4;713
8;715;1176;3187;1177;23;-1;4;713
8;716;2353;2837;840;373;-2;3;712
8;717;2353;2837;840;325;369;4;716
8;718;2353;3162;840;48;-1;4;716
8;719;3193;2837;29;373;-1;3;712
8;720;3222;0;780;3210;-2;1;688
8;721;3222;0;780;2050;382;2;720
8;722;3222;2050;780;1160;-2;2;720
8;723;3222;2050;306;1160;-2;3;722
8;724;3222;2050;306;1115;289;4;723
8;725;3222;3165;306;45;-1;4;723
8;726;3528;2050;429;1160;-2;3;722
8;727;3528;2050;429;1034;160;4;726
8;728;3528;3084;429;126;-1;4;726
8;729;3957;2050;45;1160;-1;3;722
8;730;4002;0;903;3210;-2;1;688
8;731;4002;0;903;2019;45;2;730
8;732;4002;2019;903;1191;-2;2;730
8;733;4002;2019;521;1191;-2;3;732
8;734;4002;2019;521;1060;190;4;733
8;735;4002;3079;521;131;-1;4;733
8;736;4523;2019;20;1191;-1;3;732
8;737;4543;2019;319;1191;-2;3;732
8;738;4543;2019;319;1056;370;4;737
8;739;4543;3075;319;135;-1;4;737
8;740;4862;2019;43;1191;-1;3;732
8;741;4905;0;1071;3210;-2;1;688
8;742;4905;0;1071;429;-2;2;741
8;743;4905;0;1034;429;161;3;742
8;744;5939;0;37;429;-1;3;742
8;745;4905;429;1071;578;-2;2;741
8;746;4905;429;1021;578;117;3;745
8;747;5926;429;50;578;-1;3;745
8;748;4905;1007;1071;1082;46;2;741
8;749;4905;2089;1071;1082;47;2;741
8;750;4905;3171;1071;39;-1;2;741
8;751;5976;0;24;3210;-1;1;688
9;752;0;0;6000;3210;-2;0;
9;753;0;0;940;3210;-2;1;752
9;754;0;0;940;339;-2;2;753
9;755;0;0;860;339;-2;3;754
9;756;0;0;860;319;70;4;755
9;757;0;319;860;20;-1;4;755
9;758;860;0;80;339;-1;3;754
9;759;0;339;940;1656;-2;2;753
9;760;0;339;470;1656;148;3;759
9;761;470;339;470;1656;149;3;759
9;762;0;1995;940;1215;-2;2;753
9;763;0;1995;455;1215;-2;3;762
9;764;0;1995;455;1192;209;4;763
9;765;0;3187;455;23;-1;4;763
9;766;455;1995;455;1215;-2;3;762
9;767;455;1995;455;1192;210;4;766
9;768;455;3187;455;23;-1;4;766
9;769;910;1995;30;1215;-1;3;762
9;770;940;0;780;3210;-2;1;752
9;771;940;0;780;2050;383;2;770
9;772;940;2050;780;345;-2;2;770
9;773;940;2050;755;345;306;3;772
9;774;1695;2050;25;345;-1;3;772
9;775;940;2395;780;815;-2;2;770
9;776;940;2395;465;815;-2;3;775
9;777;940;2395;465;793;118;4;776
9;778;940;3188;465;22;-1;4;776
9;779;1405;2395;231;815;-2;3;775
9;780;1405;2395;231;776;191;4;779
9;781;1405;3171;231;39;-1;4;779
9;782;1636;2395;84;815;-1;3;775
9;783;1720;0;603;3210;-2;1;752
9;784;1720;0;603;1515;307;2;783
9;785;1720;1515;603;1695;-2;2;783
9;786;1720;1515;566;1695;-2;3;785
9;787;1720;1515;566;1611;162;4;786
9;788;1720;3126;566;84;-1;4;786
9;789;2286;1515;37;1695;-1;3;785
9;790;2323;0;1863;3210;-2;1;752
9;791;2323;0;1863;798;-2;2;790
9;792;2323;0;1761;798;308;3;791
9;793;4084;0;102;798;-1;3;791
9;794;2323;798;1863;1849;-2;2;790
9;795;2323;798;621;1849;309;3;794
9;796;2944;798;621;1849;310;3;794
9;797;3565;798;621;1849;311;3;794
9;798;2323;2647;1863;563;-2;2;790
9;799;2323;2647;967;563;-2;3;798
9;800;2323;2647;967;540;271;4;799
9;801;2323;3187;967;23;-1;4;799
9;802;3290;2647;793;563;-2;3;798
9;803;3290;2647;793;465;119;4;802
9;804;3290;3112;793;98;-1;4;802
9;805;4083;2647;103;563;-1;3;798
9;806;4186;0;325;3210;-2;1;752
9;807;4186;0;325;1576;192;2;806
9;808;4186;1576;325;1576;193;2;806
9;809;4186;3152;325;58;-1;2;806
9;810;4511;0;1012;3210;-2;1;752
9;811;4511;0;1012;1320;-2;2;810
9;812;4511;0;506;1320;290;3;811
9;813;5017;0;506;1320;291;3;811
9;814;4511;1320;1012;570;-2;2;810
9;815;4511;1320;967;570;272;3;814
9;816;5478;1320;45;570;-1;3;814
9;817;4511;1890;1012;1320;-2;2;810
9;818;4511;1890;506;1320;292;3;817
9;819;5017;1890;506;1320;293;3;817
9;820;5523;0;455;3210;-2;1;752
9;821;5523;0;455;1192;211;2;820
9;822;5523;1192;455;1192;212;2;820
9;823;5523;2384;455;826;-2;2;820
9;824;5523;2384;433;826;-2;3;823
9;825;5523;2384;433;672;342;4;824
9;826;5523;3056;433;154;-1;4;824
9;827;5956;2384;22;826;-1;3;823
9;828;5978;0;22;3210;-1;1;752
10;829;0;0;6000;3210;-2;0;
10;830;0;0;845;3210;-2;1;829
10;831;0;0;845;1379;71;2;830
10;832;0;1379;845;382;-2;2;830
10;833;0;1379;759;382;48;3;832
10;834;759;1379;86;382;-1;3;832
10;835;0;1761;845;1449;-2;2;830
10;836;0;1761;385;1449;-2;3;835
10;837;0;1761;385;1417;312;4;836
10;838;0;3178;385;32;-1;4;836
10;839;385;1761;385;1449;-2;3;835
10;840;385;1761;385;1417;313;4;839
10;841;385;3178;385;32;-1;4;839
10;842;770;1761;75;1449;-1;3;835
10;843;845;0;605;3210;-2;1;829
10;844;845;0;605;1508;213;2;843
10;845;845;1508;605;1702;-2;2;843
10;846;845;1508;566;1702;-2;3;845
10;847;845;1508;566;1611;163;4;846
10;848;845;3119;566;91;-1;4;846
10;849;1411;1508;39;1702;-1;3;845
10;850;1450;0;1210;3210;-2;1;829
10;851;1450;0;1210;1508;-2;2;850
10;852;1450;0;605;1508;214;3;851
10;853;2055;0;605;1508;215;3;851
10;854;1450;1508;1210;1702;-2;2;850
10;855;1450;1508;467;1702;-2;3;854
10;856;1450;1508;467;1678;273;4;855
10;857;1450;3186;467;24;-1;4;855
10;858;1917;1508;467;1702;-2;3;854
10;859;1917;1508;467;1678;274;4;858
10;860;1917;3186;467;24;-1;4;858
10;861;2384;1508;236;1702;-2;3;854
10;862;2384;1508;236;1658;194;4;861
10;863;2384;3166;236;44;-1;4;861
10;864;2620;1508;40;1702;-1;3;854
10;865;2660;0;669;3210;-2;1;829
10;866;2660;0;669;1453;72;2;865
10;867;2660;1453;669;1757;-2;2;865
10;868;2660;1453;236;1757;-2;3;867
10;869;2660;1453;236;1658;195;4;868
10;870;2660;3111;236;99;-1;4;868
10;871;2896;1453;401;1757;-2;3;867
10;872;2896;1453;401;1493;240;4;871
10;873;2896;2946;401;264;-1;4;871
10;874;3297;1453;32;1757;-1;3;867
10;875;3329;0;423;3210;-2;1;829
10;876;3329;0;423;1543;241;2;875
10;877;3329;1543;423;1543;242;2;875
10;878;3329;3086;423;124;-1;2;875
10;879;3752;0;423;3210;-2;1;829
10;880;3752;0;423;1543;243;2;879
10;881;3752;1543;423;1543;244;2;879
10;882;3752;3086;423;124;-1;2;879
10;883;4175;0;735;3210;-2;1;829
10;884;4175;0;735;922;343;2;883
10;885;4175;922;735;68;-1;2;883
10;886;4175;990;735;1761;-2;2;883
10;887;4175;990;352;1761;196;3;886
10;888;4527;990;352;1761;197;3;886
10;889;4879;990;31;1761;-1;3;886
10;890;4175;2751;735;459;-2;2;883
10;891;4175;2751;711;459;314;3;890
10;892;4886;2751;24;459;-1;3;890
10;893;4910;0;605;3210;-2;1;829
10;894;4910;0;605;1508;216;2;893
10;895;4910;1508;605;885;-2;2;893
10;896;4910;1508;554;885;164;3;895
10;897;5464;1508;51;885;-1;3;895
10;898;4910;2393;605;817;-2;2;893
10;899;4910;2393;464;817;-2;3;898
10;900;4910;2393;464;796;120;4;899
10;901;4910;3189;464;21;-1;4;899
10;902;5374;2393;141;817;-1;3;898
10;903;5515;0;485;3210;-2;1;829
10;904;5515;0;485;711;-2;2;903
10;905;5515;0;459;711;315;3;904
10;906;5974;0;26;711;-1;3;904
10;907;5515;711;485;796;-2;2;903
10;908;5515;711;464;796;121;3;907
10;909;5979;711;21;796;-1;3;907
10;910;5515;1507;485;916;-2;2;903
10;911;5515;1507;459;916;316;3;910
10;912;5974;1507;26;916;-1;3;910
10;913;5515;2423;485;787;-2;2;903
10;914;5515;2423;78;787;-1;3;913
10;915;5593;2423;382;787;-2;3;913
10;916;5593;2423;382;759;49;4;915
10;917;5593;3182;382;28;-1;4;915
10;918;5975;2423;25;787;-1;3;913
11;919;0;0;6000;3210;-2;0;
11;920;0;0;1876;3210;-2;1;919
11;921;0;0;1876;1961;-2;2;920
11;922;0;0;1504;1961;73;3;921
11;923;1504;0;372;1961;-2;3;921
11;924;1504;0;372;1766;198;4;923
11;925;1504;1766;372;195;-1;4;923
11;926;0;1961;1876;1249;-2;2;920
11;927;0;1961;493;1249;-2;3;926
11;928;0;1961;493;1196;122;4;927
11;929;0;3157;493;53;-1;4;927
11;930;493;1961;493;1249;-2;3;926
11;931;493;1961;493;1196;123;4;930
11;932;493;3157;493;53;-1;4;930
11;933;986;1961;493;1249;-2;3;926
11;934;986;1961;493;1196;124;4;933
11;935;986;3157;493;53;-1;4;933
11;936;1479;1961;374;1249;-2;3;926
11;937;1479;1961;374;1166;384;4;936
11;938;1479;3127;374;83;-1;4;936
11;939;1853;1961;23;1249;-1;3;926
11;940;1876;0;423;3210;-2;1;919
11;941;1876;0;423;1543;245;2;940
11;942;1876;1543;423;1543;246;2;940
11;943;1876;3086;423;124;-1;2;940
11;944;2299;0;1662;3210;-2;1;919
11;945;2299;0;1662;885;-2;2;944
11;946;2299;0;554;885;165;3;945
11;947;2853;0;554;885;166;3;945
11;948;3407;0;554;885;167;3;945
11;949;2299;885;1662;204;-2;2;944
11;950;2299;885;1548;204;247;3;949
11;951;3847;885;114;204;-1;3;949
11;952;2299;1089;1662;2121;-2;2;944
11;953;2299;1089;777;2121;-2;3;952
11;954;2299;1089;777;2037;168;4;953
11;955;2299;3126;777;84;-1;4;953
11;956;3076;1089;423;2121;-2;3;952
11;957;3076;1089;423;2047;294;4;956
11;958;3076;3136;423;74;-1;4;956
11;959;3499;1089;423;2121;-2;3;952
11;960;3499;1089;423;2047;295;4;959
11;961;3499;3136;423;74;-1;4;959
11;962;3922;1089;39;2121;-1;3;952
11;963;3961;0;567;3210;-2;1;919
11;964;3961;0;567;2047;296;2;963
11;965;3961;2047;567;1163;-2;2;963
11;966;3961;2047;269;1163;-2;3;965
11;967;3961;2047;269;1087;169;4;966
11;968;3961;3134;269;76;-1;4;966
11;969;4230;2047;269;1163;-2;3;965
11;970;4230;2047;269;1087;170;4;969
11;971;4230;3134;269;76;-1;4;969
11;972;4499;2047;29;1163;-1;3;965
11;973;4528;0;459;3210;-2;1;919
11;974;4528;0;459;916;317;2;973
11;975;4528;916;459;32;-1;2;973
11;976;4528;948;459;916;318;2;973
11;977;4528;1864;459;916;319;2;973
11;978;4528;2780;459;430;-2;2;973
11;979;4528;2780;419;430;-2;3;978
11;980;4528;2780;419;406;217;4;979
11;981;4528;3186;419;24;-1;4;979
11;982;4947;2780;40;430;-1;3;978
11;983;4987;0;1013;3210;-2;1;919
11;984;4987;0;1013;458;320;2;983
11;985;4987;458;1013;458;321;2;983
11;986;4987;916;1013;369;-2;2;983
11;987;4987;916;39;369;-1;3;986
11;988;5026;916;920;369;297;3;986
11;989;5946;916;54;369;-1;3;986
11;990;4987;1285;1013;1056;-2;2;983
11;991;4987;1285;319;1056;371;3;990
11;992;5306;1285;668;1056;-2;3;990
11;993;5306;1285;668;1012;344;4;992
11;994;5306;2297;668;44;-1;4;992
11;995;5974;1285;26;1056;-1;3;990
11;996;4987;2341;1013;369;-2;2;983
11;997;4987;2341;39;369;-1;3;996
11;998;5026;2341;920;369;298;3;996
11;999;5946;2341;54;369;-1;3;996
11;1000;4987;2710;1013;459;322;2;983
11;1001;4987;3169;1013;41;-1;2;983
12;1002;0;0;6000;3210;-2;0;
12;1003;0;0;394;3210;-2;1;1002
12;1004;0;0;394;1766;-2;2;1003
12;1005;0;0;372;1766;199;3;1004
12;1006;372;0;22;1766;-1;3;1004
12;1007;0;1766;394;1444;-2;2;1003
12;1008;0;1766;374;1444;-2;3;1007
12;1009;0;1766;374;1166;385;4;1008
12;1010;0;2932;374;278;-1;4;1008
12;1011;374;1766;20;1444;-1;3;1007
12;1012;394;0;375;3210;-2;1;1002
12;1013;394;0;375;1587;372;2;1012
12;1014;394;1587;375;36;-1;2;1012
12;1015;394;1623;375;1587;373;2;1012
12;1016;769;0;1058;3210;-2;1;1002
12;1017;769;0;1058;2033;-2;2;1016
12;1018;769;0;529;2033;386;3;1017
12;1019;1298;0;529;2033;387;3;1017
12;1020;769;2033;1058;542;-2;2;1016
12;1021;769;2033;985;542;218;3;1020
12;1022;1754;2033;73;542;-1;3;1020
12;1023;769;2575;1058;635;-2;2;1016
12;1024;769;2575;830;635;-2;3;1023
12;1025;769;2575;830;555;74;4;1024
12;1026;769;3130;830;80;-1;4;1024
12;1027;1599;2575;228;635;-1;3;1023
12;1028;1827;0;858;3210;-2;1;1002
12;1029;1827;0;858;2043;-2;2;1028
12;1030;1827;0;429;2043;388;3;1029
12;1031;2256;0;429;2043;389;3;1029
12;1032;1827;2043;858;1167;-2;2;1028
12;1033;1827;2043;828;1167;-2;3;1032
12;1034;1827;2043;828;1042;390;4;1033
12;1035;1827;3085;828;125;-1;4;1033
12;1036;2655;2043;30;1167;-1;3;1032
12;1037;2685;0;1147;3210;-2;1;1002
12;1038;2685;0;1147;310;391;2;1037
12;1039;2685;310;1147;310;392;2;1037
12;1040;2685;620;1147;628;393;2;1037
12;1041;2685;1248;1147;748;-2;2;1037
12;1042;2685;1248;1072;748;345;3;1041
12;1043;3757;1248;75;748;-1;3;1041
12;1044;2685;1996;1147;1214;-2;2;1037
12;1045;2685;1996;698;1214;-2;3;1044
12;1046;2685;1996;698;1157;394;4;1045
12;1047;2685;3153;698;57;-1;4;1045
12;1048;3383;1996;425;1214;-2;3;1044
12;1049;3383;1996;425;1185;171;4;1048
12;1050;3383;3181;425;29;-1;4;1048
12;1051;3808;1996;24;1214;-1;3;1044
12;1052;3832;0;1054;3210;-2;1;1002
12;1053;3832;0;1054;1289;395;2;1052
12;1054;3832;1289;1054;1289;396;2;1052
12;1055;3832;2578;1054;632;-2;2;1052
12;1056;3832;2578;985;632;-2;3;1055
12;1057;3832;2578;985;542;219;4;1056
12;1058;3832;3120;985;90;-1;4;1056
12;1059;4817;2578;69;632;-1;3;1055
12;1060;4886;0;1114;3210;-2;1;1002
12;1061;4886;0;1114;985;-2;2;1060
12;1062;4886;0;542;985;220;3;1061
12;1063;5428;0;542;985;221;3;1061
12;1064;5970;0;30;985;-1;3;1061
12;1065;4886;985;1114;985;-2;2;1060
12;1066;4886;985;542;985;222;3;1065
12;1067;5428;985;542;985;223;3;1065
12;1068;5970;985;30;985;-1;3;1065
12;1069;4886;1970;1114;459;-2;2;1060
12;1070;4886;1970;1013;459;323;3;1069
12;1071;5899;1970;101;459;-1;3;1069
12;1072;4886;2429;1114;289;-2;2;1060
12;1073;4886;2429;1080;289;397;3;1072
12;1074;5966;2429;34;289;-1;3;1072
12;1075;4886;2718;1114;492;-2;2;1060
12;1076;4886;2718;1016;492;-2;3;1075
12;1077;4886;2718;1016;459;324;4;1076
12;1078;4886;3177;1016;33;-1;4;1076
12;1079;5902;2718;98;492;-1;3;1075
13;1080;0;0;6000;3210;-2;0;
13;1081;0;0;1018;3210;-2;1;1080
13;1082;0;0;1018;1587;-2;2;1081
13;1083;0;0;375;1587;374;3;1082
13;1084;375;0;643;1587;-2;3;1082
13;1085;375;0;643;1548;248;4;1084
13;1086;375;1548;643;39;-1;4;1084
13;1087;0;1587;1018;369;-2;2;1081
13;1088;0;1587;920;369;299;3;1087
13;1089;920;1587;98;369;-1;3;1087
13;1090;0;1956;1018;1254;-2;2;1081
13;1091;0;1956;673;1254;-2;3;1090
13;1092;0;1956;673;1222;346;4;1091
13;1093;0;3178;673;32;-1;4;1091
13;1094;673;1956;289;1254;-2;3;1090
13;1095;673;1956;289;1080;398;4;1094
13;1096;673;3036;289;174;-1;4;1094
13;1097;962;1956;56;1254;-1;3;1090
13;1098;1018;0;1260;3210;-2;1;1080
13;1099;1018;0;1260;425;-2;2;1098
13;1100;1018;0;1185;425;172;3;1099
13;1101;2203;0;75;425;-1;3;1099
13;1102;1018;425;1260;683;-2;2;1098
13;1103;1018;425;1232;683;347;3;1102
13;1104;2250;425;28;683;-1;3;1102
13;1105;1018;1108;1260;421;-2;2;1098
13;1106;1018;1108;1209;421;173;3;1105
13;1107;2227;1108;51;421;-1;3;1105
13;1108;1018;1529;1260;1287;-2;2;1098
13;1109;1018;1529;698;1287;348;3;1108
13;1110;1716;1529;542;1287;-2;3;1108
13;1111;1716;1529;542;985;224;4;1110
13;1112;1716;2514;542;302;-1;4;1110
13;1113;2258;1529;20;1287;-1;3;1108
13;1114;1018;2816;1260;394;-2;2;1098
13;1115;1018;2816;1110;394;-2;3;1114
13;1116;1018;2816;1110;361;399;4;1115
13;1117;1018;3177;1110;33;-1;4;1115
13;1118;2128;2816;150;394;-1;3;1114
13;1119;2278;0;421;3210;-2;1;1080
13;1120;2278;0;421;1209;174;2;1119
13;1121;2278;1209;421;931;-2;2;1119
13;1122;2278;1209;367;931;249;3;1121
13;1123;2645;1209;54;931;-1;3;1121
13;1124;2278;2140;421;1070;-2;2;1119
13;1125;2278;2140;390;1070;-2;3;1124
13;1126;2278;2140;390;695;349;4;1125
13;1127;2278;2835;390;375;-1;4;1125
13;1128;2668;2140;31;1070;-1;3;1124
13;1129;2699;0;3301;3210;-3;1;1080
