PLATE_ID;NODE_ID;X;Y;WIDTH;HEIGHT;TYPE;CUT;PARENT
0;0;0;0;6000;3210;-2;0;
0;1;0;0;1968;3210;-2;1;0
0;2;0;0;1968;1954;-2;2;1
0;3;0;0;814;1954;150;3;2
0;4;814;0;956;1954;-2;3;2
0;5;814;0;956;1930;151;4;4
0;6;814;1930;956;24;-1;4;4
0;7;1770;0;198;1954;-1;3;2
0;8;0;1954;1968;1256;-2;2;1
0;9;0;1954;490;1256;-2;3;8
0;10;0;1954;490;1162;0;4;9
0;11;0;3116;490;94;-1;4;9
0;12;490;1954;490;1256;-2;3;8
0;13;490;1954;490;1162;1;4;12
0;14;490;3116;490;94;-1;4;12
0;15;980;1954;494;1256;-2;3;8
0;16;980;1954;494;1168;2;4;15
0;17;980;3122;494;88;-1;4;15
0;18;1474;1954;494;1256;-2;3;8
0;19;1474;1954;494;1168;3;4;18
0;20;1474;3122;494;88;-1;4;18
0;21;1968;0;1674;3210;-2;1;0
0;22;1968;0;1674;2054;-2;2;21
0;23;1968;0;652;2054;-2;3;22
0;24;1968;0;652;1939;4;4;23
0;25;1968;1939;652;115;-1;4;23
0;26;2620;0;822;2054;-2;3;22
0;27;2620;0;822;2031;5;4;26
0;28;2620;2031;822;23;-1;4;26
0;29;3442;0;200;2054;-1;3;22
0;30;1968;2054;1674;422;-2;2;21
0;31;1968;2054;1644;422;6;3;30
0;32;3612;2054;30;422;-1;3;30
0;33;1968;2476;1674;452;7;2;21
0;34;1968;2928;1674;282;-1;2;21
0;35;3642;0;552;3210;-2;1;0
0;36;3642;0;552;1546;8;2;35
0;37;3642;1546;552;1546;9;2;35
0;38;3642;3092;552;118;-1;2;35
0;39;4194;0;1736;3210;-2;1;0
0;40;4194;0;1736;520;-2;2;39
0;41;4194;0;1711;520;10;3;40
0;42;5905;0;25;520;-1;3;40
0;43;4194;520;1736;520;-2;2;39
0;44;4194;520;1711;520;11;3;43
0;45;5905;520;25;520;-1;3;43
0;46;4194;1040;1736;747;-2;2;39
0;47;4194;1040;1153;747;-2;3;46
0;48;4194;1040;1153;672;12;4;47
0;49;4194;1712;1153;75;-1;4;47
0;50;5347;1040;583;747;152;3;46
0;51;4194;1787;1736;1423;-2;2;39
0;52;4194;1787;58;1423;-1;3;51
0;53;4252;1787;822;1423;-2;3;51
0;54;4252;1787;822;1244;13;4;53
0;55;4252;3031;822;179;-1;4;53
0;56;5074;1787;822;1423;-2;3;51
0;57;5074;1787;822;1244;14;4;56
0;58;5074;3031;822;179;-1;4;56
0;59;5896;1787;34;1423;-1;3;51
0;60;5930;0;70;3210;-1;1;0
1;61;0;0;6000;3210;-2;0;
1;62;0;0;2056;3210;-2;1;61
1;63;0;0;2056;822;-2;2;62
1;64;0;0;330;822;-1;3;63
1;65;330;0;1644;822;15;3;63
1;66;1974;0;82;822;-1;3;63
1;67;0;822;2056;583;-2;2;62
1;68;0;822;945;583;153;3;67
1;69;945;822;945;583;154;3;67
1;70;1890;822;166;583;-1;3;67
1;71;0;1405;2056;1007;-2;2;62
1;72;0;1405;1644;1007;-2;3;71
1;73;0;1405;1644;185;-2;4;72
1;74;0;1590;1644;822;16;4;72
1;75;1644;1405;412;1007;-1;3;71
1;76;0;2412;2056;773;17;2;62
1;77;0;3185;2056;25;-1;2;62
1;78;2056;0;2099;3210;-2;1;61
1;79;2056;0;2099;822;-2;2;78
1;80;2056;0;2028;822;18;3;79
1;81;4084;0;71;822;-1;3;79
1;82;2056;822;2099;674;-2;2;78
1;83;2056;822;1154;674;19;3;82
1;84;3210;822;945;674;-2;3;82
1;85;3210;822;945;583;155;4;84
1;86;3210;1405;945;91;-1;4;84
1;87;2056;1496;2099;1714;-2;2;78
1;88;2056;1496;371;1714;-2;3;87
1;89;2056;1496;371;1657;20;4;88
1;90;2056;3153;371;57;-1;4;88
1;91;2427;1496;371;1714;-2;3;87
1;92;2427;1496;371;1657;21;4;91
1;93;2427;3153;371;57;-1;4;91
1;94;2798;1496;396;1714;-2;3;87
1;95;2798;1496;396;1657;22;4;94
1;96;2798;3153;396;57;-1;4;94
1;97;3194;1496;396;1714;-2;3;87
1;98;3194;1496;396;1657;23;4;97
1;99;3194;3153;396;57;-1;4;97
1;100;3590;1496;506;1714;-2;3;87
1;101;3590;1496;506;1657;24;4;100
1;102;3590;3153;506;57;-1;4;100
1;103;4096;1496;59;1714;-1;3;87
1;104;4155;0;567;3210;-2;1;61
1;105;4155;0;567;354;-1;2;104
1;106;4155;354;567;1657;-2;2;104
1;107;4155;354;506;1657;25;3;106
1;108;4661;354;61;1657;-1;3;106
1;109;4155;2011;567;1199;-2;2;104
1;110;4155;2011;42;1199;-1;3;109
1;111;4197;2011;525;1199;-2;3;109
1;112;4197;2011;525;1116;26;4;111
1;113;4197;3127;525;83;-1;4;111
1;114;4722;0;1050;3210;-2;1;61
1;115;4722;0;1050;1116;-2;2;114
1;116;4722;0;525;1116;27;3;115
1;117;5247;0;525;1116;28;3;115
1;118;4722;1116;1050;1116;-2;2;114
1;119;4722;1116;525;1116;29;3;118
1;120;5247;1116;525;1116;30;3;118
1;121;4722;2232;1050;978;-2;2;114
1;122;4722;2232;583;978;-2;3;121
1;123;4722;2232;583;945;156;4;122
1;124;4722;3177;583;33;-1;4;122
1;125;5305;2232;467;978;-1;3;121
1;126;5772;0;228;3210;-1;1;61
2;127;0;0;6000;3210;-2;0;
2;128;0;0;1575;3210;-2;1;127
2;129;0;0;1575;1116;-2;2;128
2;130;0;0;525;1116;31;3;129
2;131;525;0;525;1116;32;3;129
2;132;1050;0;525;1116;33;3;129
2;133;0;1116;1575;853;-2;2;128
2;134;0;1116;853;853;-2;3;133
2;135;0;1116;853;722;34;4;134
2;136;0;1838;853;131;-1;4;134
2;137;853;1116;100;853;-1;3;133
2;138;953;1116;522;853;35;3;133
2;139;1475;1116;100;853;-1;3;133
2;140;0;1969;1575;673;-2;2;128
2;141;0;1969;1122;673;-2;3;140
2;142;0;1969;1122;20;-2;4;141
2;143;0;1989;1122;653;36;4;141
2;144;1122;1969;422;673;-2;3;140
2;145;1122;1969;422;453;37;4;144
2;146;1122;2422;422;220;-1;4;144
2;147;1544;1969;31;673;-1;3;140
2;148;0;2642;1575;568;-2;2;128
2;149;0;2642;1203;568;-2;3;148
2;150;0;2642;1203;522;38;4;149
2;151;0;3164;1203;46;-1;4;149
2;152;1203;2642;372;568;-1;3;148
2;153;1575;0;525;3210;-2;1;127
2;154;1575;0;525;1516;39;2;153
2;155;1575;1516;525;1516;40;2;153
2;156;1575;3032;525;178;-1;2;153
2;157;2100;0;525;3210;-2;1;127
2;158;2100;0;525;1516;41;2;157
2;159;2100;1516;525;1516;42;2;157
2;160;2100;3032;525;178;-1;2;157
2;161;2625;0;2249;3210;-2;1;127
2;162;2625;0;2249;522;-2;2;161
2;163;2625;0;1053;522;43;3;162
2;164;3678;0;1053;522;44;3;162
2;165;4731;0;143;522;-1;3;162
2;166;2625;522;2249;740;-2;2;161
2;167;2625;522;1955;740;45;3;166
2;168;4580;522;294;740;-1;3;166
2;169;2625;1262;2249;670;-2;2;161
2;170;2625;1262;377;670;-1;3;169
2;171;3002;1262;1872;670;157;3;169
2;172;2625;1932;2249;746;-2;2;161
2;173;2625;1932;2009;746;46;3;172
2;174;4634;1932;240;746;-1;3;172
2;175;2625;2678;2249;532;-2;2;161
2;176;2625;2678;460;532;-1;3;175
2;177;3085;2678;880;532;-2;3;175
2;178;3085;2678;880;486;47;4;177
2;179;3085;3164;880;46;-1;4;177
2;180;3965;2678;880;532;-2;3;175
2;181;3965;2678;880;486;48;4;180
2;182;3965;3164;880;46;-1;4;180
2;183;4845;2678;29;532;-1;3;175
2;184;4874;0;988;3210;-2;1;127
2;185;4874;0;988;1168;-2;2;184
2;186;4874;0;494;1168;49;3;185
2;187;5368;0;494;1168;50;3;185
2;188;4874;1168;988;2042;-2;2;184
2;189;4874;1168;880;2042;-2;3;188
2;190;4874;1168;880;1810;51;4;189
2;191;4874;2978;880;232;-1;4;189
2;192;5754;1168;108;2042;-1;3;188
2;193;5862;0;138;3210;-1;1;127
3;194;0;0;6000;3210;-2;0;
3;195;0;0;1780;3210;-2;1;194
3;196;0;0;1780;861;52;2;195
3;197;0;861;1780;945;-2;2;195
3;198;0;861;583;945;158;3;197
3;199;583;861;945;945;-2;3;197
3;200;583;861;945;583;159;4;199
3;201;583;1444;945;362;-1;4;199
3;202;1528;861;252;945;-1;3;197
3;203;0;1806;1780;44;-1;2;195
3;204;0;1850;1780;861;53;2;195
3;205;0;2711;1780;499;-2;2;195
3;206;0;2711;765;499;-2;3;205
3;207;0;2711;765;460;54;4;206
3;208;0;3171;765;39;-1;4;206
3;209;765;2711;765;499;-2;3;205
3;210;765;2711;765;460;55;4;209
3;211;765;3171;765;39;-1;4;209
3;212;1530;2711;250;499;-1;3;205
3;213;1780;0;644;3210;-2;1;194
3;214;1780;0;644;1605;160;2;213
3;215;1780;1605;644;1605;161;2;213
3;216;2424;0;1626;3210;-2;1;194
3;217;2424;0;1626;440;-2;2;216
3;218;2424;0;765;440;56;3;217
3;219;3189;0;861;440;-1;3;217
3;220;2424;440;1626;553;-2;2;216
3;221;2424;440;1122;553;57;3;220
3;222;3546;440;504;553;-1;3;220
3;223;2424;993;1626;2217;-2;2;216
3;224;2424;993;852;2217;-2;3;223
3;225;2424;993;852;71;-2;4;224
3;226;2424;1064;852;2146;58;4;224
3;227;3276;993;774;2217;-2;3;223
3;228;3276;993;774;2044;59;4;227
3;229;3276;3037;774;173;-1;4;227
3;230;4050;0;1265;3210;-2;1;194
3;231;4050;0;1265;708;-2;2;230
3;232;4050;0;542;708;-2;3;231
3;233;4050;0;542;661;60;4;232
3;234;4050;661;542;47;-1;4;232
3;235;4592;0;661;708;-2;3;231
3;236;4592;0;661;166;-1;4;235
3;237;4592;166;661;542;61;4;235
3;238;5253;0;62;708;-1;3;231
3;239;4050;708;1265;522;-2;2;230
3;240;4050;708;1156;522;62;3;239
3;241;5206;708;109;522;-1;3;239
3;242;4050;1230;1265;653;-2;2;230
3;243;4050;1230;1156;653;-2;3;242
3;244;4050;1230;1156;131;-2;4;243
3;245;4050;1361;1156;522;63;4;243
3;246;5206;1230;109;653;-1;3;242
3;247;4050;1883;1265;1327;-2;2;230
3;248;4050;1883;422;1327;-2;3;247
3;249;4050;1883;422;1251;64;4;248
3;250;4050;3134;422;76;-1;4;248
3;251;4472;1883;422;1327;-2;3;247
3;252;4472;1883;422;1251;65;4;251
3;253;4472;3134;422;76;-1;4;251
3;254;4894;1883;421;1327;-2;3;247
3;255;4894;1883;421;1061;66;4;254
3;256;4894;2944;421;266;-1;4;254
3;257;5315;0;644;3210;-2;1;194
3;258;5315;0;644;1605;162;2;257
3;259;5315;1605;644;1605;163;2;257
3;260;5959;0;41;3210;-1;1;194
4;261;0;0;6000;3210;-2;0;
4;262;0;0;1525;3210;-2;1;261
4;263;0;0;1525;1704;-2;2;262
4;264;0;0;1104;1704;164;3;263
4;265;1104;0;421;1704;-2;3;263
4;266;1104;0;421;1061;67;4;265
4;267;1104;1061;421;643;-1;4;265
4;268;0;1704;1525;422;-2;2;262
4;269;0;1704;1261;422;68;3;268
4;270;1261;1704;264;422;-1;3;268
4;271;0;2126;1525;422;-2;2;262
4;272;0;2126;1261;422;69;3;271
4;273;1261;2126;264;422;-1;3;271
4;274;0;2548;1525;662;-2;2;262
4;275;0;2548;1251;662;-2;3;274
4;276;0;2548;1251;422;70;4;275
4;277;0;2970;1251;240;-1;4;275
4;278;1251;2548;274;662;-1;3;274
4;279;1525;0;525;3210;-2;1;261
4;280;1525;0;525;1251;-2;2;279
4;281;1525;0;422;1251;71;3;280
4;282;1947;0;103;1251;-1;3;280
4;283;1525;1251;525;1749;72;2;279
4;284;1525;3000;525;210;-1;2;279
4;285;2050;0;1749;3210;-2;1;261
4;286;2050;0;1749;525;73;2;285
4;287;2050;525;1749;390;-2;2;285
4;288;2050;525;852;390;165;3;287
4;289;2902;525;480;390;-2;3;287
4;290;2902;525;480;361;74;4;289
4;291;2902;886;480;29;-1;4;289
4;292;3382;525;417;390;-1;3;287
4;293;2050;915;1749;361;-2;2;285
4;294;2050;915;480;361;75;3;293
4;295;2530;915;1269;361;-1;3;293
4;296;2050;1276;1749;466;-2;2;285
4;297;2050;1276;1725;466;76;3;296
4;298;3775;1276;24;466;-1;3;296
4;299;2050;1742;1749;491;-2;2;285
4;300;2050;1742;1725;491;77;3;299
4;301;3775;1742;24;491;-1;3;299
4;302;2050;2233;1749;491;-2;2;285
4;303;2050;2233;1725;491;78;3;302
4;304;3775;2233;24;491;-1;3;302
4;305;2050;2724;1749;486;-2;2;285
4;306;2050;2724;1725;486;-2;3;305
4;307;2050;2724;1725;466;79;4;306
4;308;2050;3190;1725;20;-1;4;306
4;309;3775;2724;24;486;-1;3;305
4;310;3799;0;2099;3210;-2;1;261
4;311;3799;0;2099;466;-2;2;310
4;312;3799;0;1725;466;80;3;311
4;313;5524;0;374;466;-1;3;311
4;314;3799;466;2099;531;-2;2;310
4;315;3799;466;1800;531;81;3;314
4;316;5599;466;299;531;-1;3;314
4;317;3799;997;2099;663;-2;2;310
4;318;3799;997;1983;663;82;3;317
4;319;5782;997;116;663;-1;3;317
4;320;3799;1660;2099;709;-2;2;310
4;321;3799;1660;2011;709;83;3;320
4;322;5810;1660;88;709;-1;3;320
4;323;3799;2369;2099;841;-2;2;310
4;324;3799;2369;751;841;-2;3;323
4;325;3799;2369;751;788;84;4;324
4;326;3799;3157;751;53;-1;4;324
4;327;4550;2369;1348;841;-2;3;323
4;328;4550;2369;1348;771;85;4;327
4;329;4550;3140;1348;70;-1;4;327
4;330;5898;0;102;3210;-1;1;261
5;331;0;0;6000;3210;-2;0;
5;332;0;0;2061;3210;-2;1;331
5;333;0;0;2061;505;-1;2;332
5;334;0;505;2061;744;-2;2;332
5;335;0;505;1932;744;86;3;334
5;336;1932;505;129;744;-1;3;334
5;337;0;1249;2061;1961;-2;2;332
5;338;0;1249;744;1961;-2;3;337
5;339;0;1249;744;1932;87;4;338
5;340;0;3181;744;29;-1;4;338
5;341;744;1249;439;1961;-2;3;337
5;342;744;1249;439;1585;88;4;341
5;343;744;2834;439;376;-1;4;341
5;344;1183;1249;439;1961;-2;3;337
5;345;1183;1249;439;1585;89;4;344
5;346;1183;2834;439;376;-1;4;344
5;347;1622;1249;439;1961;-2;3;337
5;348;1622;1249;439;1585;90;4;347
5;349;1622;2834;439;376;-1;4;347
5;350;2061;0;649;3210;-2;1;331
5;351;2061;0;649;1574;166;2;350
5;352;2061;1574;649;1636;-2;2;350
5;353;2061;1574;439;1636;-2;3;352
5;354;2061;1574;439;1585;91;4;353
5;355;2061;3159;439;51;-1;4;353
5;356;2500;1574;210;1636;-1;3;352
5;357;2710;0;2090;3210;-2;1;331
5;358;2710;0;2090;531;-2;2;357
5;359;2710;0;417;531;92;3;358
5;360;3127;0;702;531;93;3;358
5;361;3829;0;773;531;-2;3;358
5;362;3829;0;773;435;94;4;361
5;363;3829;435;773;96;-1;4;361
5;364;4602;0;198;531;-1;3;358
5;365;2710;531;2090;711;-2;2;357
5;366;2710;531;2054;711;95;3;365
5;367;4764;531;36;711;-1;3;365
5;368;2710;1242;2090;1428;-2;2;357
5;369;2710;1242;1604;1428;167;3;368
5;370;4314;1242;486;1428;-2;3;368
5;371;4314;1242;486;855;96;4;370
5;372;4314;2097;486;573;-1;4;370
5;373;2710;2670;2090;540;-2;2;357
5;374;2710;2670;855;540;-2;3;373
5;375;2710;2670;855;499;97;4;374
5;376;2710;3169;855;41;-1;4;374
5;377;3565;2670;855;540;-2;3;373
5;378;3565;2670;855;500;98;4;377
5;379;3565;3170;855;40;-1;4;377
5;380;4420;2670;380;540;-1;3;373
5;381;4800;0;1162;3210;-2;1;331
5;382;4800;0;1162;486;99;2;381
5;383;4800;486;1162;499;100;2;381
5;384;4800;985;1162;500;101;2;381
5;385;4800;1485;1162;198;-2;2;381
5;386;4800;1485;802;198;102;3;385
5;387;5602;1485;360;198;-1;3;385
5;388;4800;1683;1162;1527;-2;2;381
5;389;4800;1683;198;1527;-2;3;388
5;390;4800;1683;198;1192;103;4;389
5;391;4800;2875;198;335;-1;4;389
5;392;4998;1683;292;1527;-2;3;388
5;393;4998;1683;292;1454;104;4;392
5;394;4998;3137;292;73;-1;4;392
5;395;5290;1683;486;1527;-2;3;388
5;396;5290;1683;486;1162;105;4;395
5;397;5290;2845;486;365;-1;4;395
5;398;5776;1683;186;1527;-1;3;388
5;399;5962;0;38;3210;-1;1;331
6;400;0;0;6000;3210;-2;0;
6;401;0;0;520;3210;-2;1;400
6;402;0;0;520;1162;-2;2;401
6;403;0;0;499;1162;106;3;402
6;404;499;0;21;1162;-1;3;402
6;405;0;1162;520;2048;-2;2;401
6;406;0;1162;500;2048;-2;3;405
6;407;0;1162;500;1162;107;4;406
6;408;0;2324;500;886;-1;4;406
6;409;500;1162;20;2048;-1;3;405
6;410;520;0;640;3210;-2;1;400
6;411;520;0;640;765;108;2;410
6;412;520;765;640;765;-2;2;410
6;413;520;765;619;765;109;3;412
6;414;1139;765;21;765;-1;3;412
6;415;520;1530;640;765;-2;2;410
6;416;520;1530;619;765;110;3;415
6;417;1139;1530;21;765;-1;3;415
6;418;520;2295;640;915;-2;2;410
6;419;520;2295;488;915;-2;3;418
6;420;520;2295;488;802;111;4;419
6;421;520;3097;488;113;-1;4;419
6;422;1008;2295;152;915;-1;3;418
6;423;1160;0;1725;3210;-2;1;400
6;424;1160;0;1725;488;-2;2;423
6;425;1160;0;1192;488;112;3;424
6;426;2352;0;533;488;-1;3;424
6;427;1160;488;1725;466;113;2;423
6;428;1160;954;1725;775;-2;2;423
6;429;1160;954;1478;775;-2;3;428
6;430;1160;954;1478;40;-2;4;429
6;431;1160;994;1478;735;114;4;429
6;432;2638;954;247;775;-1;3;428
6;433;1160;1729;1725;571;-2;2;423
6;434;1160;1729;1694;571;115;3;433
6;435;2854;1729;31;571;-1;3;433
6;436;1160;2300;1725;910;-2;2;423
6;437;1160;2300;20;910;-1;3;436
6;438;1180;2300;1664;910;-2;3;436
6;439;1180;2300;1664;811;116;4;438
6;440;1180;3111;1664;99;-1;4;438
6;441;2844;2300;41;910;-1;3;436
6;442;2885;0;1734;3210;-2;1;400
6;443;2885;0;1734;599;-2;2;442
6;444;2885;0;1600;599;168;3;443
6;445;4485;0;134;599;-1;3;443
6;446;2885;599;1734;599;-2;2;442
6;447;2885;599;1600;599;169;3;446
6;448;4485;599;134;599;-1;3;446
6;449;2885;1198;1734;483;-2;2;442
6;450;2885;1198;752;483;-2;3;449
6;451;2885;1198;752;290;117;4;450
6;452;2885;1488;752;193;-1;4;450
6;453;3637;1198;742;483;118;3;449
6;454;4379;1198;240;483;-1;3;449
6;455;2885;1681;1734;477;-2;2;442
6;456;2885;1681;288;477;-1;3;455
6;457;3173;1681;814;477;119;3;455
6;458;3987;1681;632;477;-1;3;455
6;459;2885;2158;1734;602;170;2;442
6;460;2885;2760;1734;450;-2;2;442
6;461;2885;2760;913;450;-2;3;460
6;462;2885;2760;913;391;120;4;461
6;463;2885;3151;913;59;-1;4;461
6;464;3798;2760;749;450;-2;3;460
6;465;3798;2760;749;302;171;4;464
6;466;3798;3062;749;148;-1;4;464
6;467;4547;2760;72;450;-1;3;460
6;468;4619;0;1285;3210;-2;1;400
6;469;4619;0;1285;391;-2;2;468
6;470;4619;0;913;391;121;3;469
6;471;5532;0;372;391;-1;3;469
6;472;4619;391;1285;824;-2;2;468
6;473;4619;391;674;824;122;3;472
6;474;5293;391;583;824;-2;3;472
6;475;5293;391;583;747;172;4;474
6;476;5293;1138;583;77;-1;4;474
6;477;5876;391;28;824;-1;3;472
6;478;4619;1215;1285;369;-2;2;468
6;479;4619;1215;1265;369;123;3;478
6;480;5884;1215;20;369;-1;3;478
6;481;4619;1584;1285;369;-2;2;468
6;482;4619;1584;1265;369;124;3;481
6;483;5884;1584;20;369;-1;3;481
6;484;4619;1953;1285;409;-2;2;468
6;485;4619;1953;1155;409;125;3;484
6;486;5774;1953;130;409;-1;3;484
6;487;4619;2362;1285;409;-2;2;468
6;488;4619;2362;1155;409;126;3;487
6;489;5774;2362;130;409;-1;3;487
6;490;4619;2771;1285;439;-2;2;468
6;491;4619;2771;1265;439;-2;3;490
6;492;4619;2771;1265;369;127;4;491
6;493;4619;3140;1265;70;-1;4;491
6;494;5884;2771;20;439;-1;3;490
6;495;5904;0;96;3210;-1;1;400
7;496;0;0;6000;3210;-2;0;
7;497;0;0;1734;3210;-2;1;496
7;498;0;0;1734;1265;-2;2;497
7;499;0;0;369;1265;128;3;498
7;500;369;0;432;1265;-2;3;498
7;501;369;0;432;1196;129;4;500
7;502;369;1196;432;69;-1;4;500
7;503;801;0;432;1265;-2;3;498
7;504;801;0;432;1196;130;4;503
7;505;801;1196;432;69;-1;4;503
7;506;1233;0;433;1265;-2;3;498
7;507;1233;0;433;1196;131;4;506
7;508;1233;1196;433;69;-1;4;506
7;509;1666;0;68;1265;-1;3;498
7;510;0;1265;1734;433;-2;2;497
7;511;0;1265;1196;433;132;3;510
7;512;1196;1265;538;433;-1;3;510
7;513;0;1698;1734;602;133;2;497
7;514;0;2300;1734;910;-2;2;497
7;515;0;2300;1668;910;-2;3;514
7;516;0;2300;1668;857;134;4;515
7;517;0;3157;1668;53;-1;4;515
7;518;1668;2300;66;910;-1;3;514
7;519;1734;0;2044;3210;-2;1;496
7;520;1734;0;2044;1065;135;2;519
7;521;1734;1065;2044;722;-2;2;519
7;522;1734;1065;1180;722;136;3;521
7;523;2914;1065;864;722;-1;3;521
7;524;1734;1787;2044;1423;-2;2;519
7;525;1734;1787;984;1423;-2;3;524
7;526;1734;1787;984;1274;137;4;525
7;527;1734;3061;984;149;-1;4;525
7;528;2718;1787;1013;1423;-2;3;524
7;529;2718;1787;1013;1304;138;4;528
7;530;2718;3091;1013;119;-1;4;528
7;531;3731;1787;47;1423;-1;3;524
7;532;3778;0;1317;3210;-2;1;496
7;533;3778;0;1317;1243;139;2;532
7;534;3778;1243;1317;824;-2;2;532
7;535;3778;1243;615;824;140;3;534
7;536;4393;1243;629;824;-2;3;534
7;537;4393;1243;629;763;141;4;536
7;538;4393;2006;629;61;-1;4;536
7;539;5022;1243;73;824;-1;3;534
7;540;3778;2067;1317;1143;-2;2;532
7;541;3778;2067;629;1143;-2;3;540
7;542;3778;2067;629;763;142;4;541
7;543;3778;2830;629;380;-1;4;541
7;544;4407;2067;629;1143;-2;3;540
7;545;4407;2067;629;763;143;4;544
7;546;4407;2830;629;380;-1;4;544
7;547;5036;2067;59;1143;-1;3;540
7;548;5095;0;822;3210;-2;1;496
7;549;5095;0;822;980;144;2;548
7;550;5095;980;822;2230;-2;2;548
7;551;5095;980;794;2230;-2;3;550
7;552;5095;980;794;1323;145;4;551
7;553;5095;2303;794;907;-1;4;551
7;554;5889;980;28;2230;-1;3;550
7;555;5917;0;83;3210;-1;1;496
8;556;0;0;6000;3210;-2;0;
8;557;0;0;813;3210;-2;1;556
8;558;0;0;813;1850;146;2;557
8;559;0;1850;813;1360;-2;2;557
8;560;0;1850;281;1360;-1;3;559
8;561;281;1850;415;1360;-2;3;559
8;562;281;1850;415;1166;147;4;561
8;563;281;3016;415;194;-1;4;561
8;564;696;1850;117;1360;-1;3;559
8;565;813;0;814;3210;-2;1;556
8;566;813;0;814;1166;-2;2;565
8;567;813;0;415;1166;148;3;566
8;568;1228;0;399;1166;-1;3;566
8;569;813;1166;814;1954;149;2;565
8;570;813;3120;814;90;-1;2;565
8;571;1627;0;4373;3210;-3;1;556
