PLATE_ID;NODE_ID;X;Y;WIDTH;HEIGHT;TYPE;CUT;PARENT
0;0;0;0;6000;3210;-2;0;
0;1;0;0;773;3210;-2;1;0
0;2;0;0;773;1113;186;2;1
0;3;0;1113;773;1574;-2;2;1
0;4;0;1113;718;1574;187;3;3
0;5;718;1113;55;1574;-1;3;3
0;6;0;2687;773;308;-2;2;1
0;7;0;2687;608;308;0;3;6
0;8;608;2687;165;308;-1;3;6
0;9;0;2995;773;215;-2;2;1
0;10;0;2995;590;215;1;3;9
0;11;590;2995;183;215;-1;3;9
0;12;773;0;942;3210;-2;1;0
0;13;773;0;942;2083;-2;2;12
0;14;773;0;471;2083;2;3;13
0;15;1244;0;471;2083;3;3;13
0;16;773;2083;942;1127;-2;2;12
0;17;773;2083;472;1127;-2;3;16
0;18;773;2083;472;1071;217;4;17
0;19;773;3154;472;56;-1;4;17
0;20;1245;2083;470;1127;-2;3;16
0;21;1245;2083;470;1071;218;4;20
0;22;1245;3154;470;56;-1;4;20
0;23;1715;0;1123;3210;-2;1;0
0;24;1715;0;1123;1879;-2;2;23
0;25;1715;0;315;1879;62;3;24
0;26;2030;0;315;1879;63;3;24
0;27;2345;0;468;1879;-2;3;24
0;28;2345;0;468;1835;64;4;27
0;29;2345;1835;468;44;-1;4;27
0;30;2813;0;25;1879;-1;3;24
0;31;1715;1879;1123;361;279;2;23
0;32;1715;2240;1123;470;-2;2;23
0;33;1715;2240;1071;470;219;3;32
0;34;2786;2240;52;470;-1;3;32
0;35;1715;2710;1123;500;-2;2;23
0;36;1715;2710;1071;500;-2;3;35
0;37;1715;2710;1071;470;220;4;36
0;38;1715;3180;1071;30;-1;4;36
0;39;2786;2710;52;500;-1;3;35
0;40;2838;0;1998;3210;-2;1;0
0;41;2838;0;1998;1633;-2;2;40
0;42;2838;0;493;1633;124;3;41
0;43;3331;0;493;1633;125;3;41
0;44;3824;0;493;1633;126;3;41
0;45;4317;0;493;1633;127;3;41
0;46;4810;0;26;1633;-1;3;41
0;47;2838;1633;1998;295;-2;2;40
0;48;2838;1633;999;295;93;3;47
0;49;3837;1633;999;295;94;3;47
0;50;2838;1928;1998;782;-2;2;40
0;51;2838;1928;1313;782;341;3;50
0;52;4151;1928;593;782;-2;3;50
0;53;4151;1928;593;738;188;4;52
0;54;4151;2666;593;44;-1;4;52
0;55;4744;1928;92;782;-1;3;50
0;56;2838;2710;1998;500;-2;2;40
0;57;2838;2710;1835;500;-2;3;56
0;58;2838;2710;1835;468;65;4;57
0;59;2838;3178;1835;32;-1;4;57
0;60;4673;2710;163;500;-1;3;56
0;61;4836;0;1164;3210;-2;1;0
0;62;4836;0;1164;1466;-2;2;61
0;63;4836;0;570;1466;342;3;62
0;64;5406;0;570;1466;343;3;62
0;65;5976;0;24;1466;-1;3;62
0;66;4836;1466;1164;641;-2;2;61
0;67;4836;1466;1071;641;221;3;66
0;68;5907;1466;93;641;-1;3;66
0;69;4836;2107;1164;1103;-2;2;61
0;70;4836;2107;676;1103;-2;3;69
0;71;4836;2107;676;996;222;4;70
0;72;4836;3103;676;107;-1;4;70
0;73;5512;2107;459;1103;-2;3;69
0;74;5512;2107;459;1058;155;4;73
0;75;5512;3165;459;45;-1;4;73
0;76;5971;2107;29;1103;-1;3;69
1;77;0;0;6000;3210;-2;0;
1;78;0;0;1256;3210;-2;1;77
1;79;0;0;1256;1824;-2;2;78
1;80;0;0;602;1824;66;3;79
1;81;602;0;632;1824;-2;3;79
1;82;602;0;632;1644;67;4;81
1;83;602;1644;632;180;-1;4;81
1;84;1234;0;22;1824;-1;3;79
1;85;0;1824;1256;679;223;2;78
1;86;0;2503;1256;707;-2;2;78
1;87;0;2503;1231;707;-2;3;86
1;88;0;2503;1231;622;68;4;87
1;89;0;3125;1231;85;-1;4;87
1;90;1231;2503;25;707;-1;3;86
1;91;1256;0;1408;3210;-2;1;77
1;92;1256;0;1408;464;310;2;91
1;93;1256;464;1408;464;311;2;91
1;94;1256;928;1408;464;344;2;91
1;95;1256;1392;1408;464;345;2;91
1;96;1256;1856;1408;464;346;2;91
1;97;1256;2320;1408;464;312;2;91
1;98;1256;2784;1408;426;-2;2;91
1;99;1256;2784;1008;426;-2;3;98
1;100;1256;2784;1008;379;280;4;99
1;101;1256;3163;1008;47;-1;4;99
1;102;2264;2784;400;426;-1;3;98
1;103;2664;0;2204;3210;-2;1;77
1;104;2664;0;2204;1318;-2;2;103
1;105;2664;0;551;1318;248;3;104
1;106;3215;0;551;1318;249;3;104
1;107;3766;0;551;1318;250;3;104
1;108;4317;0;551;1318;251;3;104
1;109;2664;1318;2204;295;-2;2;103
1;110;2664;1318;999;295;95;3;109
1;111;3663;1318;999;295;96;3;109
1;112;4662;1318;206;295;-1;3;109
1;113;2664;1613;2204;858;-2;2;103
1;114;2664;1613;481;858;-2;3;113
1;115;2664;1613;481;761;31;4;114
1;116;2664;2374;481;97;-1;4;114
1;117;3145;1613;20;858;-1;3;113
1;118;3165;1613;1349;858;224;3;113
1;119;4514;1613;230;858;-2;3;113
1;120;4514;1613;230;679;225;4;119
1;121;4514;2292;230;179;-1;4;119
1;122;4744;1613;124;858;-1;3;113
1;123;2664;2471;2204;739;-2;2;103
1;124;2664;2471;1198;739;-2;3;123
1;125;2664;2471;1198;696;313;4;124
1;126;2664;3167;1198;43;-1;4;124
1;127;3862;2471;1006;739;-2;3;123
1;128;3862;2471;1006;670;226;4;127
1;129;3862;3141;1006;69;-1;4;127
1;130;4868;0;696;3210;-2;1;77
1;131;4868;0;696;1198;314;2;130
1;132;4868;1198;696;1006;-2;2;130
1;133;4868;1198;670;1006;227;3;132
1;134;5538;1198;26;1006;-1;3;132
1;135;4868;2204;696;1006;-2;2;130
1;136;4868;2204;670;1006;228;3;135
1;137;5538;2204;26;1006;-1;3;135
1;138;5564;0;411;3210;-2;1;77
1;139;5564;0;411;1029;128;2;138
1;140;5564;1029;411;941;129;2;138
1;141;5564;1970;411;1240;-2;2;138
1;142;5564;1970;379;1240;-2;3;141
1;143;5564;1970;379;1008;281;4;142
1;144;5564;2978;379;232;-1;4;142
1;145;5943;1970;32;1240;-1;3;141
1;146;5975;0;25;3210;-1;1;77
2;147;0;0;6000;3210;-2;0;
2;148;0;0;1138;3210;-2;1;147
2;149;0;0;1138;1958;-2;2;148
2;150;0;0;569;1958;97;3;149
2;151;569;0;569;1958;98;3;149
2;152;0;1958;1138;459;-2;2;148
2;153;0;1958;1058;459;156;3;152
2;154;1058;1958;80;459;-1;3;152
2;155;0;2417;1138;371;-2;2;148
2;156;0;2417;1003;371;282;3;155
2;157;1003;2417;135;371;-1;3;155
2;158;0;2788;1138;422;-2;2;148
2;159;0;2788;1003;422;-2;3;158
2;160;0;2788;1003;371;283;4;159
2;161;0;3159;1003;51;-1;4;159
2;162;1003;2788;135;422;-1;3;158
2;163;1138;0;548;3210;-2;1;147
2;164;1138;0;548;1509;-2;2;163
2;165;1138;0;514;1509;229;3;164
2;166;1652;0;34;1509;-1;3;164
2;167;1138;1509;548;878;4;2;163
2;168;1138;2387;548;823;-2;2;163
2;169;1138;2387;481;823;-2;3;168
2;170;1138;2387;481;761;32;4;169
2;171;1138;3148;481;62;-1;4;169
2;172;1619;2387;67;823;-1;3;168
2;173;1686;0;2870;3210;-2;1;147
2;174;1686;0;2870;464;-2;2;173
2;175;1686;0;1408;464;347;3;174
2;176;3094;0;1408;464;348;3;174
2;177;4502;0;54;464;-1;3;174
2;178;1686;464;2870;1763;-2;2;173
2;179;1686;464;574;1763;230;3;178
2;180;2260;464;574;1763;231;3;178
2;181;2834;464;574;1763;232;3;178
2;182;3408;464;574;1763;233;3;178
2;183;3982;464;574;1763;234;3;178
2;184;1686;2227;2870;983;-2;2;173
2;185;1686;2227;359;983;-2;3;184
2;186;1686;2227;359;953;157;4;185
2;187;1686;3180;359;30;-1;4;185
2;188;2045;2227;359;983;-2;3;184
2;189;2045;2227;359;953;158;4;188
2;190;2045;3180;359;30;-1;4;188
2;191;2404;2227;568;983;-2;3;184
2;192;2404;2227;568;948;69;4;191
2;193;2404;3175;568;35;-1;4;191
2;194;2972;2227;1486;983;-2;3;184
2;195;2972;2227;1486;916;284;4;194
2;196;2972;3143;1486;67;-1;4;194
2;197;4458;2227;98;983;-1;3;184
2;198;4556;0;1408;3210;-2;1;147
2;199;4556;0;1408;464;349;2;198
2;200;4556;464;1408;1203;-2;2;198
2;201;4556;464;691;1203;315;3;200
2;202;5247;464;691;1203;316;3;200
2;203;5938;464;26;1203;-1;3;200
2;204;4556;1667;1408;324;-2;2;198
2;205;4556;1667;1318;324;252;3;204
2;206;5874;1667;90;324;-1;3;204
2;207;4556;1991;1408;464;350;2;198
2;208;4556;2455;1408;324;-2;2;198
2;209;4556;2455;1318;324;253;3;208
2;210;5874;2455;90;324;-1;3;208
2;211;4556;2779;1408;431;-2;2;198
2;212;4556;2779;941;431;-2;3;211
2;213;4556;2779;941;411;130;4;212
2;214;4556;3190;941;20;-1;4;212
2;215;5497;2779;421;431;-2;3;211
2;216;5497;2779;421;355;317;4;215
2;217;5497;3134;421;76;-1;4;215
2;218;5918;2779;46;431;-1;3;211
2;219;5964;0;36;3210;-1;1;147
3;220;0;0;6000;3210;-2;0;
3;221;0;0;712;3210;-2;1;220
3;222;0;0;712;1868;-2;2;221
3;223;0;0;356;1868;33;3;222
3;224;356;0;356;1868;34;3;222
3;225;0;1868;712;1342;-2;2;221
3;226;0;1868;692;1342;-2;3;225
3;227;0;1868;692;1291;70;4;226
3;228;0;3159;692;51;-1;4;226
3;229;692;1868;20;1342;-1;3;225
3;230;712;0;574;3210;-2;1;220
3;231;712;0;574;1763;235;2;230
3;232;712;1763;574;451;-2;2;230
3;233;712;1763;534;451;351;3;232
3;234;1246;1763;40;451;-1;3;232
3;235;712;2214;574;451;-2;2;230
3;236;712;2214;534;451;352;3;235
3;237;1246;2214;40;451;-1;3;235
3;238;712;2665;574;545;-2;2;230
3;239;712;2665;496;545;-2;3;238
3;240;712;2665;496;408;285;4;239
3;241;712;3073;496;137;-1;4;239
3;242;1208;2665;78;545;-1;3;238
3;243;1286;0;1948;3210;-2;1;220
3;244;1286;0;1948;546;-2;2;243
3;245;1286;0;20;546;-1;3;244
3;246;1306;0;1928;546;286;3;244
3;247;1286;546;1948;546;-2;2;243
3;248;1286;546;20;546;-1;3;247
3;249;1306;546;1928;546;287;3;247
3;250;1286;1092;1948;546;-2;2;243
3;251;1286;1092;1928;546;288;3;250
3;252;3214;1092;20;546;-1;3;250
3;253;1286;1638;1948;546;-2;2;243
3;254;1286;1638;1928;546;289;3;253
3;255;3214;1638;20;546;-1;3;253
3;256;1286;2184;1948;546;-2;2;243
3;257;1286;2184;1928;546;290;3;256
3;258;3214;2184;20;546;-1;3;256
3;259;1286;2730;1948;480;-2;2;243
3;260;1286;2730;931;480;-2;3;259
3;261;1286;2730;931;456;71;4;260
3;262;1286;3186;931;24;-1;4;260
3;263;2217;2730;931;480;-2;3;259
3;264;2217;2730;931;456;72;4;263
3;265;2217;3186;931;24;-1;4;263
3;266;3148;2730;86;480;-1;3;259
3;267;3234;0;1928;3210;-2;1;220
3;268;3234;0;1928;546;291;2;267
3;269;3234;546;1928;454;292;2;267
3;270;3234;1000;1928;454;293;2;267
3;271;3234;1454;1928;454;294;2;267
3;272;3234;1908;1928;454;295;2;267
3;273;3234;2362;1928;454;296;2;267
3;274;3234;2816;1928;394;-2;2;267
3;275;3234;2816;1768;394;-2;3;274
3;276;3234;2816;1768;361;35;4;275
3;277;3234;3177;1768;33;-1;4;275
3;278;5002;2816;160;394;-1;3;274
3;279;5162;0;815;3210;-2;1;220
3;280;5162;0;815;1928;-2;2;279
3;281;5162;0;454;1928;297;3;280
3;282;5616;0;361;1928;-2;3;280
3;283;5616;0;361;1768;36;4;282
3;284;5616;1768;361;160;-1;4;282
3;285;5162;1928;815;1282;-2;2;279
3;286;5162;1928;781;1282;-2;3;285
3;287;5162;1928;781;1213;99;4;286
3;288;5162;3141;781;69;-1;4;286
3;289;5943;1928;34;1282;-1;3;285
3;290;5977;0;23;3210;-1;1;220
4;291;0;0;6000;3210;-2;0;
4;292;0;0;649;3210;-2;1;291
4;293;0;0;649;1318;298;2;292
4;294;0;1318;649;1318;299;2;292
4;295;0;2636;649;574;-2;2;292
4;296;0;2636;563;574;-2;3;295
4;297;0;2636;563;498;236;4;296
4;298;0;3134;563;76;-1;4;296
4;299;563;2636;86;574;-1;3;295
4;300;649;0;649;3210;-2;1;291
4;301;649;0;649;1834;-2;2;300
4;302;649;0;48;1834;-1;3;301
4;303;697;0;544;1834;254;3;301
4;304;1241;0;57;1834;-1;3;301
4;305;649;1834;649;1318;300;2;300
4;306;649;3152;649;58;-1;2;300
4;307;1298;0;1947;3210;-2;1;291
4;308;1298;0;1947;544;-2;2;307
4;309;1298;0;1834;544;255;3;308
4;310;3132;0;113;544;-1;3;308
4;311;1298;544;1947;1318;-2;2;307
4;312;1298;544;649;1318;301;3;311
4;313;1947;544;649;1318;302;3;311
4;314;2596;544;649;1318;303;3;311
4;315;1298;1862;1947;1348;-2;2;307
4;316;1298;1862;649;1348;-2;3;315
4;317;1298;1862;649;1318;304;4;316
4;318;1298;3180;649;30;-1;4;316
4;319;1947;1862;649;1348;-2;3;315
4;320;1947;1862;649;1318;305;4;319
4;321;1947;3180;649;30;-1;4;319
4;322;2596;1862;649;1348;-2;3;315
4;323;2596;1862;649;1318;306;4;322
4;324;2596;3180;649;30;-1;4;322
4;325;3245;0;544;3210;-2;1;291
4;326;3245;0;544;1834;256;2;325
4;327;3245;1834;544;941;-2;2;325
4;328;3245;1834;485;941;189;3;327
4;329;3730;1834;59;941;-1;3;327
4;330;3245;2775;544;435;-2;2;325
4;331;3245;2775;421;435;-2;3;330
4;332;3245;2775;421;355;318;4;331
4;333;3245;3130;421;80;-1;4;331
4;334;3666;2775;123;435;-1;3;330
4;335;3789;0;803;3210;-2;1;291
4;336;3789;0;803;1548;-2;2;335
4;337;3789;0;783;1548;257;3;336
4;338;4572;0;20;1548;-1;3;336
4;339;3789;1548;803;359;159;2;335
4;340;3789;1907;803;1303;-2;2;335
4;341;3789;1907;781;1303;-2;3;340
4;342;3789;1907;781;1213;100;4;341
4;343;3789;3120;781;90;-1;4;341
4;344;4570;1907;22;1303;-1;3;340
4;345;4592;0;1408;3210;-2;1;291
4;346;4592;0;1408;415;-2;2;345
4;347;4592;0;1381;415;319;3;346
4;348;5973;0;27;415;-1;3;346
4;349;4592;415;1408;415;-2;2;345
4;350;4592;415;1381;415;320;3;349
4;351;5973;415;27;415;-1;3;349
4;352;4592;830;1408;365;-2;2;345
4;353;4592;830;1371;365;321;3;352
4;354;5963;830;37;365;-1;3;352
4;355;4592;1195;1408;365;-2;2;345
4;356;4592;1195;1371;365;322;3;355
4;357;5963;1195;37;365;-1;3;355
4;358;4592;1560;1408;649;-2;2;345
4;359;4592;1560;1318;649;307;3;358
4;360;5910;1560;90;649;-1;3;358
4;361;4592;2209;1408;1001;-2;2;345
4;362;4592;2209;941;1001;-2;3;361
4;363;4592;2209;941;980;190;4;362
4;364;4592;3189;941;21;-1;4;362
4;365;5533;2209;446;1001;-2;3;361
4;366;5533;2209;446;958;258;4;365
4;367;5533;3167;446;43;-1;4;365
4;368;5979;2209;21;1001;-1;3;361
5;369;0;0;6000;3210;-2;0;
5;370;0;0;782;3210;-2;1;369
5;371;0;0;782;1932;-2;2;370
5;372;0;0;391;1932;191;3;371
5;373;391;0;391;1932;192;3;371
5;374;0;1932;782;1278;-2;2;370
5;375;0;1932;381;1278;-2;3;374
5;376;0;1932;381;1133;37;4;375
5;377;0;3065;381;145;-1;4;375
5;378;381;1932;381;1278;-2;3;374
5;379;381;1932;381;1133;38;4;378
5;380;381;3065;381;145;-1;4;378
5;381;762;1932;20;1278;-1;3;374
5;382;782;0;722;3210;-2;1;369
5;383;782;0;722;1476;5;2;382
5;384;782;1476;722;1418;-2;2;382
5;385;782;1476;361;1418;39;3;384
5;386;1143;1476;361;1418;40;3;384
5;387;782;2894;722;316;-2;2;382
5;388;782;2894;624;316;-2;3;387
5;389;782;2894;624;230;323;4;388
5;390;782;3124;624;86;-1;4;388
5;391;1406;2894;98;316;-1;3;387
5;392;1504;0;1806;3210;-2;1;369
5;393;1504;0;1806;566;-2;2;392
5;394;1504;0;1738;566;101;3;393
5;395;3242;0;68;566;-1;3;393
5;396;1504;566;1806;426;-2;2;392
5;397;1504;566;903;426;6;3;396
5;398;2407;566;903;426;7;3;396
5;399;1504;992;1806;1738;-2;2;392
5;400;1504;992;566;1738;102;3;399
5;401;2070;992;566;1738;103;3;399
5;402;2636;992;566;1738;104;3;399
5;403;3202;992;108;1738;-1;3;399
5;404;1504;2730;1806;480;-2;2;392
5;405;1504;2730;1742;480;-2;3;404
5;406;1504;2730;1742;456;105;4;405
5;407;1504;3186;1742;24;-1;4;405
5;408;3246;2730;64;480;-1;3;404
5;409;3310;0;951;3210;-2;1;369
5;410;3310;0;951;1742;-2;2;409
5;411;3310;0;456;1742;106;3;410
5;412;3766;0;456;1742;107;3;410
5;413;4222;0;39;1742;-1;3;410
5;414;3310;1742;951;456;-2;2;409
5;415;3310;1742;931;456;73;3;414
5;416;4241;1742;20;456;-1;3;414
5;417;3310;2198;951;1012;-2;2;409
5;418;3310;2198;446;1012;-2;3;417
5;419;3310;2198;446;958;259;4;418
5;420;3310;3156;446;54;-1;4;418
5;421;3756;2198;446;1012;-2;3;417
5;422;3756;2198;446;958;260;4;421
5;423;3756;3156;446;54;-1;4;421
5;424;4202;2198;59;1012;-1;3;417
5;425;4261;0;351;3210;-2;1;369
5;426;4261;0;351;1238;41;2;425
5;427;4261;1238;351;1238;42;2;425
5;428;4261;2476;351;734;-2;2;425
5;429;4261;2476;303;734;-2;3;428
5;430;4261;2476;303;663;43;4;429
5;431;4261;3139;303;71;-1;4;429
5;432;4564;2476;48;734;-1;3;428
5;433;4612;0;556;3210;-2;1;369
5;434;4612;0;556;1158;261;2;433
5;435;4612;1158;556;1158;262;2;433
5;436;4612;2316;556;894;-2;2;433
5;437;4612;2316;258;894;-2;3;436
5;438;4612;2316;258;768;44;4;437
5;439;4612;3084;258;126;-1;4;437
5;440;4870;2316;258;894;-2;3;436
5;441;4870;2316;258;768;45;4;440
5;442;4870;3084;258;126;-1;4;440
5;443;5128;2316;40;894;-1;3;436
5;444;5168;0;381;3210;-2;1;369
5;445;5168;0;381;1513;74;2;444
5;446;5168;1513;381;803;-2;2;444
5;447;5168;1513;359;803;160;3;446
5;448;5527;1513;22;803;-1;3;446
5;449;5168;2316;381;894;-2;2;444
5;450;5168;2316;359;894;-2;3;449
5;451;5168;2316;359;803;161;4;450
5;452;5168;3119;359;91;-1;4;450
5;453;5527;2316;22;894;-1;3;449
5;454;5549;0;451;3210;-2;1;369
5;455;5549;0;451;967;-2;2;454
5;456;5549;0;426;967;-2;3;455
5;457;5549;0;426;903;8;4;456
5;458;5549;903;426;64;-1;4;456
5;459;5975;0;25;967;-1;3;455
5;460;5549;967;451;1170;353;2;454
5;461;5549;2137;451;1073;-2;2;454
5;462;5549;2137;411;1073;-2;3;461
5;463;5549;2137;411;1029;131;4;462
5;464;5549;3166;411;44;-1;4;462
5;465;5960;2137;40;1073;-1;3;461
6;466;0;0;6000;3210;-2;0;
6;467;0;0;1178;3210;-2;1;466
6;468;0;0;1178;1535;-2;2;467
6;469;0;0;381;1535;-2;3;468
6;470;0;0;381;22;-1;4;469
6;471;0;22;381;1513;75;4;469
6;472;381;0;386;1535;-2;3;468
6;473;381;0;386;42;-1;4;472
6;474;381;42;386;1493;76;4;472
6;475;767;0;386;1535;-2;3;468
6;476;767;0;386;42;-1;4;475
6;477;767;42;386;1493;77;4;475
6;478;1153;0;25;1535;-1;3;468
6;479;0;1535;1178;498;-2;2;467
6;480;0;1535;563;498;237;3;479
6;481;563;1535;563;498;238;3;479
6;482;1126;1535;52;498;-1;3;479
6;483;0;2033;1178;556;-2;2;467
6;484;0;2033;1158;556;263;3;483
6;485;1158;2033;20;556;-1;3;483
6;486;0;2589;1178;621;-2;2;467
6;487;0;2589;1158;621;-2;3;486
6;488;0;2589;1158;556;264;4;487
6;489;0;3145;1158;65;-1;4;487
6;490;1158;2589;20;621;-1;3;486
6;491;1178;0;649;3210;-2;1;466
6;492;1178;0;649;1318;308;2;491
6;493;1178;1318;649;1318;309;2;491
6;494;1178;2636;649;574;-2;2;491
6;495;1178;2636;628;574;-2;3;494
6;496;1178;2636;628;166;-2;4;495
6;497;1178;2802;628;408;265;4;495
6;498;1806;2636;21;574;-1;3;494
6;499;1827;0;1002;3210;-2;1;466
6;500;1827;0;1002;2088;-2;2;499
6;501;1827;0;501;2088;266;3;500
6;502;2328;0;501;2088;267;3;500
6;503;1827;2088;1002;411;-2;2;499
6;504;1827;2088;941;411;132;3;503
6;505;2768;2088;61;411;-1;3;503
6;506;1827;2499;1002;411;-2;2;499
6;507;1827;2499;941;411;133;3;506
6;508;2768;2499;61;411;-1;3;506
6;509;1827;2910;1002;300;-2;2;499
6;510;1827;2910;768;300;-2;3;509
6;511;1827;2910;768;258;46;4;510
6;512;1827;3168;768;42;-1;4;510
6;513;2595;2910;234;300;-1;3;509
6;514;2829;0;476;3210;-2;1;466
6;515;2829;0;476;2118;268;2;514
6;516;2829;2118;476;941;134;2;514
6;517;2829;3059;476;151;-1;2;514
6;518;3305;0;476;3210;-2;1;466
6;519;3305;0;476;2118;269;2;518
6;520;3305;2118;476;941;135;2;518
6;521;3305;3059;476;151;-1;2;518
6;522;3781;0;1213;3210;-2;1;466
6;523;3781;0;1213;529;108;2;522
6;524;3781;529;1213;529;109;2;522
6;525;3781;1058;1213;529;110;2;522
6;526;3781;1587;1213;529;111;2;522
6;527;3781;2116;1213;529;112;2;522
6;528;3781;2645;1213;529;113;2;522
6;529;3781;3174;1213;36;-1;2;522
6;530;4994;0;986;3210;-2;1;466
6;531;4994;0;986;1071;-2;2;530
6;532;4994;0;480;1071;270;3;531
6;533;5474;0;480;1071;271;3;531
6;534;5954;0;26;1071;-1;3;531
6;535;4994;1071;986;1758;-2;2;530
6;536;4994;1071;493;1758;272;3;535
6;537;5487;1071;493;1758;273;3;535
6;538;4994;2829;986;381;-2;2;530
6;539;4994;2829;803;381;-2;3;538
6;540;4994;2829;803;359;162;4;539
6;541;4994;3188;803;22;-1;4;539
6;542;5797;2829;183;381;-1;3;538
6;543;5980;0;20;3210;-1;1;466
7;544;0;0;6000;3210;-2;0;
7;545;0;0;1662;3210;-2;1;544
7;546;0;0;1662;2021;-2;2;545
7;547;0;0;493;2021;-2;3;546
7;548;0;0;493;1991;274;4;547
7;549;0;1991;493;30;-1;4;547
7;550;493;0;493;2021;-2;3;546
7;551;493;0;493;1991;275;4;550
7;552;493;1991;493;30;-1;4;550
7;553;986;0;676;2021;-2;3;546
7;554;986;0;676;2001;276;4;553
7;555;986;2001;676;20;-1;4;553
7;556;0;2021;1662;421;-2;2;545
7;557;0;2021;796;421;324;3;556
7;558;796;2021;796;421;325;3;556
7;559;1592;2021;70;421;-1;3;556
7;560;0;2442;1662;768;-2;2;545
7;561;0;2442;1384;768;326;3;560
7;562;1384;2442;258;768;47;3;560
7;563;1642;2442;20;768;-1;3;560
7;564;1662;0;703;3210;-2;1;544
7;565;1662;0;703;1371;-2;2;564
7;566;1662;0;310;1371;327;3;565
7;567;1972;0;310;1371;328;3;565
7;568;2282;0;83;1371;-1;3;565
7;569;1662;1371;703;496;-2;2;564
7;570;1662;1371;651;496;239;3;569
7;571;2313;1371;52;496;-1;3;569
7;572;1662;1867;703;1038;240;2;564
7;573;1662;2905;703;305;-2;2;564
7;574;1662;2905;464;305;-2;3;573
7;575;1662;2905;464;238;78;4;574
7;576;1662;3143;464;67;-1;4;574
7;577;2126;2905;239;305;-1;3;573
7;578;2365;0;804;3210;-2;1;544
7;579;2365;0;804;1289;329;2;578
7;580;2365;1289;804;1205;-2;2;578
7;581;2365;1289;783;1205;114;3;580
7;582;3148;1289;21;1205;-1;3;580
7;583;2365;2494;804;268;-2;2;578
7;584;2365;2494;708;268;48;3;583
7;585;3073;2494;96;268;-1;3;583
7;586;2365;2762;804;448;-2;2;578
7;587;2365;2762;758;448;-2;3;586
7;588;2365;2762;758;413;163;4;587
7;589;2365;3175;758;35;-1;4;587
7;590;3123;2762;46;448;-1;3;586
7;591;3169;0;351;3210;-2;1;544
7;592;3169;0;351;151;-1;2;591
7;593;3169;151;351;1403;241;2;591
7;594;3169;1554;351;1403;242;2;591
7;595;3169;2957;351;253;-1;2;591
7;596;3520;0;1392;3210;-2;1;544
7;597;3520;0;1392;2018;-2;2;596
7;598;3520;0;696;2018;49;3;597
7;599;4216;0;696;2018;50;3;597
7;600;3520;2018;1392;306;-2;2;596
7;601;3520;2018;1358;306;243;3;600
7;602;4878;2018;34;306;-1;3;600
7;603;3520;2324;1392;306;-2;2;596
7;604;3520;2324;1358;306;244;3;603
7;605;4878;2324;34;306;-1;3;603
7;606;3520;2630;1392;580;-2;2;596
7;607;3520;2630;413;580;-2;3;606
7;608;3520;2630;413;558;164;4;607
7;609;3520;3188;413;22;-1;4;607
7;610;3933;2630;941;580;-2;3;606
7;611;3933;2630;941;476;136;4;610
7;612;3933;3106;941;104;-1;4;610
7;613;4874;2630;38;580;-1;3;606
7;614;4912;0;472;3210;-2;1;544
7;615;4912;0;472;903;-2;2;614
7;616;4912;0;426;903;9;3;615
7;617;5338;0;46;903;-1;3;615
7;618;4912;903;472;1071;277;2;614
7;619;4912;1974;472;1236;-2;2;614
7;620;4912;1974;451;1236;-2;3;619
7;621;4912;1974;451;1170;354;4;620
7;622;4912;3144;451;66;-1;4;620
7;623;5363;1974;21;1236;-1;3;619
7;624;5384;0;616;3210;-2;1;544
7;625;5384;0;616;439;-2;2;624
7;626;5384;0;528;439;193;3;625
7;627;5912;0;88;439;-1;3;625
7;628;5384;439;616;923;-2;2;624
7;629;5384;439;348;923;10;3;628
7;630;5732;439;238;923;-2;3;628
7;631;5732;439;238;464;79;4;630
7;632;5732;903;238;459;-1;4;630
7;633;5970;439;30;923;-1;3;628
7;634;5384;1362;616;1848;-2;2;624
7;635;5384;1362;596;1848;355;3;634
7;636;5980;1362;20;1848;-1;3;634
8;637;0;0;6000;3210;-2;0;
8;638;0;0;596;3210;-2;1;637
8;639;0;0;596;1848;356;2;638
8;640;0;1848;596;439;-2;2;638
8;641;0;1848;528;439;194;3;640
8;642;528;1848;68;439;-1;3;640
8;643;0;2287;596;923;-2;2;638
8;644;0;2287;348;923;11;3;643
8;645;348;2287;213;923;-2;3;643
8;646;348;2287;213;558;165;4;645
8;647;348;2845;213;365;-1;4;645
8;648;561;2287;35;923;-1;3;643
8;649;596;0;1148;3210;-2;1;637
8;650;596;0;1148;2065;-2;2;649
8;651;596;0;574;2065;195;3;650
8;652;1170;0;574;2065;196;3;650
8;653;596;2065;1148;444;-2;2;649
8;654;596;2065;1113;444;245;3;653
8;655;1709;2065;35;444;-1;3;653
8;656;596;2509;1148;444;-2;2;649
8;657;596;2509;1113;444;246;3;656
8;658;1709;2509;35;444;-1;3;656
8;659;596;2953;1148;257;-2;2;649
8;660;596;2953;1038;257;-2;3;659
8;661;596;2953;1038;234;357;4;660
8;662;596;3187;1038;23;-1;4;660
8;663;1634;2953;110;257;-1;3;659
8;664;1744;0;716;3210;-2;1;637
8;665;1744;0;716;1201;330;2;664
8;666;1744;1201;716;973;-2;2;664
8;667;1744;1201;653;973;166;3;666
8;668;2397;1201;63;973;-1;3;666
8;669;1744;2174;716;1036;-2;2;664
8;670;1744;2174;653;1036;-2;3;669
8;671;1744;2174;653;973;167;4;670
8;672;1744;3147;653;63;-1;4;670
8;673;2397;2174;63;1036;-1;3;669
8;674;2460;0;1424;3210;-2;1;637
8;675;2460;0;1424;1213;-2;2;674
8;676;2460;0;356;1213;12;3;675
8;677;2816;0;356;1213;13;3;675
8;678;3172;0;356;1213;14;3;675
8;679;3528;0;356;1213;15;3;675
8;680;2460;1213;1424;1997;-2;2;674
8;681;2460;1213;425;1997;-2;3;680
8;682;2460;1213;425;1946;197;4;681
8;683;2460;3159;425;51;-1;4;681
8;684;2885;1213;552;1997;-2;3;680
8;685;2885;1213;552;1739;137;4;684
8;686;2885;2952;552;258;-1;4;684
8;687;3437;1213;425;1997;-2;3;680
8;688;3437;1213;425;1946;198;4;687
8;689;3437;3159;425;51;-1;4;687
8;690;3862;1213;22;1997;-1;3;680
8;691;3884;0;552;3210;-2;1;637
8;692;3884;0;552;1739;138;2;691
8;693;3884;1739;552;1471;-2;2;691
8;694;3884;1739;520;1471;-2;3;693
8;695;3884;1739;520;1310;331;4;694
8;696;3884;3049;520;161;-1;4;694
8;697;4404;1739;32;1471;-1;3;693
8;698;4436;0;1104;3210;-2;1;637
8;699;4436;0;1104;1729;-2;2;698
8;700;4436;0;552;1729;139;3;699
8;701;4988;0;552;1729;140;3;699
8;702;4436;1729;1104;472;-2;2;698
8;703;4436;1729;1071;472;278;3;702
8;704;5507;1729;33;472;-1;3;702
8;705;4436;2201;1104;234;-2;2;698
8;706;4436;2201;1038;234;358;3;705
8;707;5474;2201;66;234;-1;3;705
8;708;4436;2435;1104;775;-2;2;698
8;709;4436;2435;1066;775;-2;3;708
8;710;4436;2435;1066;746;51;4;709
8;711;4436;3181;1066;29;-1;4;709
8;712;5502;2435;38;775;-1;3;708
8;713;5540;0;460;3210;-2;1;637
8;714;5540;0;460;1936;-2;2;713
8;715;5540;0;425;1936;199;3;714
8;716;5965;0;35;1936;-1;3;714
8;717;5540;1936;460;333;-2;2;713
8;718;5540;1936;408;333;80;3;717
8;719;5948;1936;52;333;-1;3;717
8;720;5540;2269;460;941;-2;2;713
8;721;5540;2269;383;941;-2;3;720
8;722;5540;2269;383;908;115;4;721
8;723;5540;3177;383;33;-1;4;721
8;724;5923;2269;77;941;-1;3;720
9;725;0;0;6000;3210;-2;0;
9;726;0;0;474;3210;-2;1;725
9;727;0;0;474;2090;168;2;726
9;728;0;2090;474;1120;-2;2;726
9;729;0;2090;436;1120;-2;3;728
9;730;0;2090;436;993;16;4;729
9;731;0;3083;436;127;-1;4;729
9;732;436;2090;38;1120;-1;3;728
9;733;474;0;1205;3210;-2;1;725
9;734;474;0;1205;783;116;2;733
9;735;474;783;1205;783;117;2;733
9;736;474;1566;1205;783;118;2;733
9;737;474;2349;1205;783;119;2;733
9;738;474;3132;1205;78;-1;2;733
9;739;1679;0;381;3210;-2;1;725
9;740;1679;0;381;901;-2;2;739
9;741;1679;0;286;901;141;3;740
9;742;1965;0;95;901;-1;3;740
9;743;1679;901;381;1133;81;2;739
9;744;1679;2034;381;1133;82;2;739
9;745;1679;3167;381;43;-1;2;739
9;746;2060;0;474;3210;-2;1;725
9;747;2060;0;474;2090;169;2;746
9;748;2060;2090;474;1120;-2;2;746
9;749;2060;2090;436;1120;-2;3;748
9;750;2060;2090;436;993;17;4;749
9;751;2060;3083;436;127;-1;4;749
9;752;2496;2090;38;1120;-1;3;748
9;753;2534;0;1984;3210;-2;1;725
9;754;2534;0;1984;1293;-2;2;753
9;755;2534;0;496;1293;18;3;754
9;756;3030;0;496;1293;19;3;754
9;757;3526;0;496;1293;20;3;754
9;758;4022;0;496;1293;21;3;754
9;759;2534;1293;1984;425;-2;2;753
9;760;2534;1293;1936;425;200;3;759
9;761;4470;1293;48;425;-1;3;759
9;762;2534;1718;1984;425;-2;2;753
9;763;2534;1718;1931;425;201;3;762
9;764;4465;1718;53;425;-1;3;762
9;765;2534;2143;1984;425;-2;2;753
9;766;2534;2143;1931;425;202;3;765
9;767;4465;2143;53;425;-1;3;765
9;768;2534;2568;1984;642;-2;2;753
9;769;2534;2568;1686;642;-2;3;768
9;770;2534;2568;1686;566;52;4;769
9;771;2534;3134;1686;76;-1;4;769
9;772;4220;2568;213;642;-2;3;768
9;773;4220;2568;213;613;53;4;772
9;774;4220;3181;213;29;-1;4;772
9;775;4433;2568;85;642;-1;3;768
9;776;4518;0;445;3210;-2;1;725
9;777;4518;0;445;1208;-2;2;776
9;778;4518;0;416;1208;332;3;777
9;779;4934;0;29;1208;-1;3;777
9;780;4518;1208;445;2002;-2;2;776
9;781;4518;1208;425;2002;-2;3;780
9;782;4518;1208;425;1931;203;4;781
9;783;4518;3139;425;71;-1;4;781
9;784;4943;1208;20;2002;-1;3;780
9;785;4963;0;425;3210;-2;1;725
9;786;4963;0;425;1931;204;2;785
9;787;4963;1931;425;1279;-2;2;785
9;788;4963;1931;381;1279;-2;3;787
9;789;4963;1931;381;1133;83;4;788
9;790;4963;3064;381;146;-1;4;788
9;791;5344;1931;44;1279;-1;3;787
9;792;5388;0;612;3210;-2;1;725
9;793;5388;0;612;901;-2;2;792
9;794;5388;0;286;901;142;3;793
9;795;5674;0;286;901;143;3;793
9;796;5960;0;40;901;-1;3;793
9;797;5388;901;612;901;-2;2;792
9;798;5388;901;286;901;144;3;797
9;799;5674;901;286;901;145;3;797
9;800;5960;901;40;901;-1;3;797
9;801;5388;1802;612;908;-2;2;792
9;802;5388;1802;583;908;120;3;801
9;803;5971;1802;29;908;-1;3;801
9;804;5388;2710;612;500;-2;2;792
9;805;5388;2710;68;500;-1;3;804
9;806;5456;2710;488;500;-2;3;804
9;807;5456;2710;488;443;22;4;806
9;808;5456;3153;488;57;-1;4;806
9;809;5944;2710;56;500;-1;3;804
10;810;0;0;6000;3210;-2;0;
10;811;0;0;381;3210;-2;1;810
10;812;0;0;381;1936;-2;2;811
10;813;0;0;325;1936;205;3;812
10;814;325;0;56;1936;-1;3;812
10;815;0;1936;381;1133;84;2;811
10;816;0;3069;381;141;-1;2;811
10;817;381;0;1836;3210;-2;1;810
10;818;381;0;1836;589;-2;2;817
10;819;381;0;1814;589;23;3;818
10;820;2195;0;22;589;-1;3;818
10;821;381;589;1836;589;-2;2;817
10;822;381;589;1814;589;24;3;821
10;823;2195;589;22;589;-1;3;821
10;824;381;1178;1836;271;-2;2;817
10;825;381;1178;129;271;-1;3;824
10;826;510;1178;1468;271;54;3;824
10;827;1978;1178;239;271;-1;3;824
10;828;381;1449;1836;583;-2;2;817
10;829;381;1449;908;583;121;3;828
10;830;1289;1449;908;583;122;3;828
10;831;2197;1449;20;583;-1;3;828
10;832;381;2032;1836;589;-2;2;817
10;833;381;2032;1814;589;25;3;832
10;834;2195;2032;22;589;-1;3;832
10;835;381;2621;1836;589;-2;2;817
10;836;381;2621;1814;589;26;3;835
10;837;2195;2621;22;589;-1;3;835
10;838;2217;0;2244;3210;-2;1;810
10;839;2217;0;2244;633;-2;2;838
10;840;2217;0;2080;633;170;3;839
10;841;4297;0;164;633;-1;3;839
10;842;2217;633;2244;1173;-2;2;838
10;843;2217;633;374;1173;171;3;842
10;844;2591;633;374;1173;172;3;842
10;845;2965;633;374;1173;173;3;842
10;846;3339;633;374;1173;174;3;842
10;847;3713;633;374;1173;175;3;842
10;848;4087;633;374;1173;176;3;842
10;849;2217;1806;2244;325;-2;2;838
10;850;2217;1806;1936;325;206;3;849
10;851;4153;1806;308;325;-1;3;849
10;852;2217;2131;2244;505;-2;2;838
10;853;2217;2131;1091;505;207;3;852
10;854;3308;2131;1091;505;208;3;852
10;855;4399;2131;62;505;-1;3;852
10;856;2217;2636;2244;271;-2;2;838
10;857;2217;2636;1468;271;55;3;856
10;858;3685;2636;538;271;-2;3;856
10;859;3685;2636;538;231;359;4;858
10;860;3685;2867;538;40;-1;4;858
10;861;4223;2636;238;271;-1;3;856
10;862;2217;2907;2244;303;-2;2;838
10;863;2217;2907;886;303;-2;3;862
10;864;2217;2907;886;271;146;4;863
10;865;2217;3178;886;32;-1;4;863
10;866;3103;2907;1031;303;-2;3;862
10;867;3103;2907;1031;268;147;4;866
10;868;3103;3175;1031;35;-1;4;866
10;869;4134;2907;327;303;-1;3;862
10;870;4461;0;356;3210;-2;1;810
10;871;4461;0;356;1868;56;2;870
10;872;4461;1868;356;1342;-2;2;870
10;873;4461;1868;321;1342;-2;3;872
10;874;4461;1868;321;1193;85;4;873
10;875;4461;3061;321;149;-1;4;873
10;876;4782;1868;35;1342;-1;3;872
10;877;4817;0;1183;3210;-2;1;810
10;878;4817;0;1183;773;-2;2;877
10;879;4817;0;1113;773;247;3;878
10;880;5930;0;70;773;-1;3;878
10;881;4817;773;1183;369;-2;2;877
10;882;4817;773;1158;369;177;3;881
10;883;5975;773;25;369;-1;3;881
10;884;4817;1142;1183;369;-2;2;877
10;885;4817;1142;1158;369;178;3;884
10;886;5975;1142;25;369;-1;3;884
10;887;4817;1511;1183;452;-2;2;877
10;888;4817;1511;1158;452;-2;3;887
10;889;4817;1511;1158;83;-2;4;888
10;890;4817;1594;1158;369;179;4;888
10;891;5975;1511;25;452;-1;3;887
10;892;4817;1963;1183;1247;-2;2;877
10;893;4817;1963;416;1247;-2;3;892
10;894;4817;1963;416;1208;333;4;893
10;895;4817;3171;416;39;-1;4;893
10;896;5233;1963;416;1247;-2;3;892
10;897;5233;1963;416;1203;334;4;896
10;898;5233;3166;416;44;-1;4;896
10;899;5649;1963;321;1247;-2;3;892
10;900;5649;1963;321;1193;86;4;899
10;901;5649;3156;321;54;-1;4;899
10;902;5970;1963;30;1247;-1;3;892
11;903;0;0;6000;3210;-2;0;
11;904;0;0;1836;3210;-2;1;903
11;905;0;0;1836;1980;-2;2;904
11;906;0;0;459;1980;209;3;905
11;907;459;0;459;1980;210;3;905
11;908;918;0;459;1980;211;3;905
11;909;1377;0;459;1980;212;3;905
11;910;0;1980;1836;589;-2;2;904
11;911;0;1980;1814;589;27;3;910
11;912;1814;1980;22;589;-1;3;910
11;913;0;2569;1836;641;-2;2;904
11;914;0;2569;1814;641;-2;3;913
11;915;0;2569;1814;589;28;4;914
11;916;0;3158;1814;52;-1;4;914
11;917;1814;2569;22;641;-1;3;913
11;918;1836;0;1203;3210;-2;1;903
11;919;1836;0;1203;1814;-2;2;918
11;920;1836;0;589;1814;29;3;919
11;921;2425;0;589;1814;30;3;919
11;922;3014;0;25;1814;-1;3;919
11;923;1836;1814;1203;416;335;2;918
11;924;1836;2230;1203;369;-2;2;918
11;925;1836;2230;1158;369;180;3;924
11;926;2994;2230;45;369;-1;3;924
11;927;1836;2599;1203;268;-2;2;918
11;928;1836;2599;1031;268;148;3;927
11;929;2867;2599;172;268;-1;3;927
11;930;1836;2867;1203;343;-2;2;918
11;931;1836;2867;1076;343;-2;3;930
11;932;1836;2867;1076;306;87;4;931
11;933;1836;3173;1076;37;-1;4;931
11;934;2912;2867;127;343;-1;3;930
11;935;3039;0;501;3210;-2;1;903
11;936;3039;0;501;745;181;2;935
11;937;3039;745;501;983;182;2;935
11;938;3039;1728;501;1482;-2;2;935
11;939;3039;1728;445;1482;-2;3;938
11;940;3039;1728;445;1399;149;4;939
11;941;3039;3127;445;83;-1;4;939
11;942;3484;1728;56;1482;-1;3;938
11;943;3540;0;698;3210;-2;1;903
11;944;3540;0;698;60;-1;2;943
11;945;3540;60;698;1774;-2;2;943
11;946;3540;60;668;1774;123;3;945
11;947;4208;60;30;1774;-1;3;945
11;948;3540;1834;698;1376;-2;2;943
11;949;3540;1834;349;1376;-2;3;948
11;950;3540;1834;349;1248;336;4;949
11;951;3540;3082;349;128;-1;4;949
11;952;3889;1834;349;1376;-2;3;948
11;953;3889;1834;349;1248;337;4;952
11;954;3889;3082;349;128;-1;4;952
11;955;4238;0;445;3210;-2;1;903
11;956;4238;0;445;1399;150;2;955
11;957;4238;1399;445;1399;151;2;955
11;958;4238;2798;445;412;-1;2;955
11;959;4683;0;356;3210;-2;1;903
11;960;4683;0;356;1868;57;2;959
11;961;4683;1868;356;1158;338;2;959
11;962;4683;3026;356;184;-1;2;959
11;963;5039;0;445;3210;-2;1;903
11;964;5039;0;445;1399;152;2;963
11;965;5039;1399;445;988;-2;2;963
11;966;5039;1399;42;988;-1;3;965
11;967;5081;1399;306;988;88;3;965
11;968;5387;1399;97;988;-1;3;965
11;969;5039;2387;445;823;-2;2;963
11;970;5039;2387;408;823;-2;3;969
11;971;5039;2387;408;733;58;4;970
11;972;5039;3120;408;90;-1;4;970
11;973;5447;2387;37;823;-1;3;969
11;974;5484;0;487;3210;-2;1;903
11;975;5484;0;487;773;213;2;974
11;976;5484;773;487;773;214;2;974
11;977;5484;1546;487;773;215;2;974
11;978;5484;2319;487;773;216;2;974
11;979;5484;3092;487;118;-1;2;974
11;980;5971;0;29;3210;-1;1;903
12;981;0;0;6000;3210;-2;0;
12;982;0;0;500;3210;-2;1;981
12;983;0;0;500;950;59;2;982
12;984;0;950;500;763;-2;2;982
12;985;0;950;428;763;183;3;984
12;986;428;950;72;763;-1;3;984
12;987;0;1713;500;1497;-2;2;982
12;988;0;1713;445;1497;-2;3;987
12;989;0;1713;445;1399;153;4;988
12;990;0;3112;445;98;-1;4;988
12;991;445;1713;55;1497;-1;3;987
12;992;500;0;986;3210;-2;1;981
12;993;500;0;986;1633;-2;2;992
12;994;500;0;493;1633;184;3;993
12;995;993;0;493;1633;185;3;993
12;996;500;1633;986;271;-2;2;992
12;997;500;1633;793;271;89;3;996
12;998;1293;1633;193;271;-1;3;996
12;999;500;1904;986;1306;-2;2;992
12;1000;500;1904;356;1306;-2;3;999
12;1001;500;1904;356;1158;339;4;1000
12;1002;500;3062;356;148;-1;4;1000
12;1003;856;1904;573;1306;-2;3;999
12;1004;856;1904;573;1173;60;4;1003
12;1005;856;3077;573;133;-1;4;1003
12;1006;1429;1904;57;1306;-1;3;999
12;1007;1486;0;525;3210;-2;1;981
12;1008;1486;0;525;1260;61;2;1007
12;1009;1486;1260;525;1123;-2;2;1007
12;1010;1486;1260;361;1123;340;3;1009
12;1011;1847;1260;164;1123;-1;3;1009
12;1012;1486;2383;525;827;-2;2;1007
12;1013;1486;2383;271;827;-2;3;1012
12;1014;1486;2383;271;793;90;4;1013
12;1015;1486;3176;271;34;-1;4;1013
12;1016;1757;2383;231;827;-2;3;1012
12;1017;1757;2383;231;538;360;4;1016
12;1018;1757;2921;231;289;-1;4;1016
12;1019;1988;2383;23;827;-1;3;1012
12;1020;2011;0;481;3210;-2;1;981
12;1021;2011;0;481;255;-1;2;1020
12;1022;2011;255;481;1399;-2;2;1020
12;1023;2011;255;445;1399;154;3;1022
12;1024;2456;255;36;1399;-1;3;1022
12;1025;2011;1654;481;761;91;2;1020
12;1026;2011;2415;481;761;92;2;1020
12;1027;2011;3176;481;34;-1;2;1020
12;1028;2492;0;3508;3210;-3;1;981
