PLATE_ID;NODE_ID;X;Y;WIDTH;HEIGHT;TYPE;CUT;PARENT
0;0;0;0;6000;3210;-2;0;
0;1;0;0;1684;3210;-2;1;0
0;2;0;0;1684;1066;-2;2;1
0;3;0;0;842;1066;120;3;2
0;4;842;0;842;1066;121;3;2
0;5;0;1066;1684;1066;-2;2;1
0;6;0;1066;842;1066;240;3;5
0;7;842;1066;842;1066;241;3;5
0;8;0;2132;1684;519;-2;2;1
0;9;0;2132;1593;519;90;3;8
0;10;1593;2132;91;519;-1;3;8
0;11;0;2651;1684;559;-2;2;1
0;12;0;2651;1593;559;-2;3;11
0;13;0;2651;1593;519;91;4;12
0;14;0;3170;1593;40;-1;4;12
0;15;1593;2651;91;559;-1;3;11
0;16;1684;0;255;3210;-2;1;0
0;17;1684;0;255;1239;270;2;16
0;18;1684;1239;255;557;-1;2;16
0;19;1684;1796;255;1414;-2;2;16
0;20;1684;1796;230;1414;330;3;19
0;21;1914;1796;25;1414;-1;3;19
0;22;1939;0;365;3210;-2;1;0
0;23;1939;0;365;1849;300;2;22
0;24;1939;1849;365;933;92;2;22
0;25;1939;2782;365;428;-2;2;22
0;26;1939;2782;333;428;-2;3;25
0;27;1939;2782;333;373;360;4;26
0;28;1939;3155;333;55;-1;4;26
0;29;2272;2782;32;428;-1;3;25
0;30;2304;0;862;3210;-2;1;0
0;31;2304;0;862;1737;-2;2;30
0;32;2304;0;420;1737;301;3;31
0;33;2724;0;420;1737;302;3;31
0;34;3144;0;22;1737;-1;3;31
0;35;2304;1737;862;1066;-2;2;30
0;36;2304;1737;842;1066;242;3;35
0;37;3146;1737;20;1066;-1;3;35
0;38;2304;2803;862;407;-2;2;30
0;39;2304;2803;442;407;-2;3;38
0;40;2304;2803;442;380;331;4;39
0;41;2304;3183;442;27;-1;4;39
0;42;2746;2803;333;407;-2;3;38
0;43;2746;2803;333;373;361;4;42
0;44;2746;3176;333;34;-1;4;42
0;45;3079;2803;87;407;-1;3;38
0;46;3166;0;456;3210;-2;1;0
0;47;3166;0;456;1739;-2;2;46
0;48;3166;0;420;1739;303;3;47
0;49;3586;0;36;1739;-1;3;47
0;50;3166;1739;456;712;-2;2;46
0;51;3166;1739;436;712;150;3;50
0;52;3602;1739;20;712;-1;3;50
0;53;3166;2451;456;759;-2;2;46
0;54;3166;2451;431;759;-2;3;53
0;55;3166;2451;431;712;151;4;54
0;56;3166;3163;431;47;-1;4;54
0;57;3597;2451;25;759;-1;3;53
0;58;3622;0;1739;3210;-2;1;0
0;59;3622;0;1739;420;304;2;58
0;60;3622;420;1739;1466;-2;2;58
0;61;3622;420;842;1466;243;3;60
0;62;4464;420;842;1466;244;3;60
0;63;5306;420;55;1466;-1;3;60
0;64;3622;1886;1739;467;305;2;58
0;65;3622;2353;1739;467;306;2;58
0;66;3622;2820;1739;390;-2;2;58
0;67;3622;2820;1094;390;-2;3;66
0;68;3622;2820;1094;319;332;4;67
0;69;3622;3139;1094;71;-1;4;67
0;70;4716;2820;624;390;-2;3;66
0;71;4716;2820;624;343;152;4;70
0;72;4716;3163;624;47;-1;4;70
0;73;5340;2820;21;390;-1;3;66
0;74;5361;0;639;3210;-2;1;0
0;75;5361;0;639;1819;-2;2;74
0;76;5361;0;617;1819;307;3;75
0;77;5978;0;22;1819;-1;3;75
0;78;5361;1819;639;1391;-2;2;74
0;79;5361;1819;616;1391;-2;3;78
0;80;5361;1819;616;1164;0;4;79
0;81;5361;2983;616;227;-1;4;79
0;82;5977;1819;23;1391;-1;3;78
1;83;0;0;6000;3210;-2;0;
1;84;0;0;1514;3210;-2;1;83
1;85;0;0;1514;1849;-2;2;84
1;86;0;0;370;1849;333;3;85
1;87;370;0;370;1849;334;3;85
1;88;740;0;370;1849;335;3;85
1;89;1110;0;370;1849;336;3;85
1;90;1480;0;34;1849;-1;3;85
1;91;0;1849;1514;305;-2;2;84
1;92;0;1849;1494;305;337;3;91
1;93;1494;1849;20;305;-1;3;91
1;94;0;2154;1514;379;-2;2;84
1;95;0;2154;218;379;-1;3;94
1;96;218;2154;1266;379;122;3;94
1;97;1484;2154;30;379;-1;3;94
1;98;0;2533;1514;305;-2;2;84
1;99;0;2533;1494;305;338;3;98
1;100;1494;2533;20;305;-1;3;98
1;101;0;2838;1514;372;-2;2;84
1;102;0;2838;1494;372;-2;3;101
1;103;0;2838;1494;305;339;4;102
1;104;0;3143;1494;67;-1;4;102
1;105;1494;2838;20;372;-1;3;101
1;106;1514;0;1234;3210;-2;1;83
1;107;1514;0;1234;1819;-2;2;106
1;108;1514;0;617;1819;308;3;107
1;109;2131;0;617;1819;309;3;107
1;110;1514;1819;1234;462;-2;2;106
1;111;1514;1819;1194;462;180;3;110
1;112;2708;1819;40;462;-1;3;110
1;113;1514;2281;1234;466;-2;2;106
1;114;1514;2281;1203;466;181;3;113
1;115;2717;2281;31;466;-1;3;113
1;116;1514;2747;1234;463;-2;2;106
1;117;1514;2747;1100;463;-2;3;116
1;118;1514;2747;1100;443;30;4;117
1;119;1514;3190;1100;20;-1;4;117
1;120;2614;2747;134;463;-1;3;116
1;121;2748;0;307;3210;-2;1;83
1;122;2748;0;307;1544;340;2;121
1;123;2748;1544;307;1544;341;2;121
1;124;2748;3088;307;122;-1;2;121
1;125;3055;0;654;3210;-2;1;83
1;126;3055;0;654;1819;-2;2;125
1;127;3055;0;617;1819;310;3;126
1;128;3672;0;37;1819;-1;3;126
1;129;3055;1819;654;1391;-2;2;125
1;130;3055;1819;379;1391;-2;3;129
1;131;3055;1819;379;1266;123;4;130
1;132;3055;3085;379;125;-1;4;130
1;133;3434;1819;255;1391;-2;3;129
1;134;3434;1819;255;1239;271;4;133
1;135;3434;3058;255;152;-1;4;133
1;136;3689;1819;20;1391;-1;3;129
1;137;3709;0;1516;3210;-2;1;83
1;138;3709;0;1516;1266;-2;2;137
1;139;3709;0;379;1266;124;3;138
1;140;4088;0;379;1266;125;3;138
1;141;4467;0;379;1266;126;3;138
1;142;4846;0;379;1266;127;3;138
1;143;3709;1266;1516;842;-2;2;137
1;144;3709;1266;1466;842;245;3;143
1;145;5175;1266;50;842;-1;3;143
1;146;3709;2108;1516;235;-2;2;137
1;147;3709;2108;1409;235;342;3;146
1;148;5118;2108;107;235;-1;3;146
1;149;3709;2343;1516;235;-2;2;137
1;150;3709;2343;1409;235;343;3;149
1;151;5118;2343;107;235;-1;3;149
1;152;3709;2578;1516;297;-2;2;137
1;153;3709;2578;1494;297;344;3;152
1;154;5203;2578;22;297;-1;3;152
1;155;3709;2875;1516;335;-2;2;137
1;156;3709;2875;1494;335;-2;3;155
1;157;3709;2875;1494;38;-2;4;156
1;158;3709;2913;1494;297;345;4;156
1;159;5203;2875;22;335;-1;3;155
1;160;5225;0;775;3210;-2;1;83
1;161;5225;0;775;513;-2;2;160
1;162;5225;0;20;513;-1;3;161
1;163;5245;0;755;513;246;3;161
1;164;5225;513;775;513;-2;2;160
1;165;5225;513;755;513;247;3;164
1;166;5980;513;20;513;-1;3;164
1;167;5225;1026;775;933;-2;2;160
1;168;5225;1026;365;933;93;3;167
1;169;5590;1026;365;933;94;3;167
1;170;5955;1026;45;933;-1;3;167
1;171;5225;1959;775;1251;-2;2;160
1;172;5225;1959;407;1251;-2;3;171
1;173;5225;1959;407;1046;272;4;172
1;174;5225;3005;407;205;-1;4;172
1;175;5632;1959;341;1251;-2;3;171
1;176;5632;1959;341;1223;153;4;175
1;177;5632;3182;341;28;-1;4;175
1;178;5973;1959;27;1251;-1;3;171
2;179;0;0;6000;3210;-2;0;
2;180;0;0;1252;3210;-2;1;179
2;181;0;0;1252;2044;-2;2;180
2;182;0;0;615;2044;-2;3;181
2;183;0;0;615;35;-1;4;182
2;184;0;35;615;2009;311;4;182
2;185;615;0;615;2044;-2;3;181
2;186;615;0;615;35;-1;4;185
2;187;615;35;615;2009;312;4;185
2;188;1230;0;22;2044;-1;3;181
2;189;0;2044;1252;1166;-2;2;180
2;190;0;2044;616;1166;-2;3;189
2;191;0;2044;616;1137;60;4;190
2;192;0;3181;616;29;-1;4;190
2;193;616;2044;616;1166;-2;3;189
2;194;616;2044;616;1137;61;4;193
2;195;616;3181;616;29;-1;4;193
2;196;1232;2044;20;1166;-1;3;189
2;197;1252;0;479;3210;-2;1;179
2;198;1252;0;479;1566;128;2;197
2;199;1252;1566;479;1566;129;2;197
2;200;1252;3132;479;78;-1;2;197
2;201;1731;0;1244;3210;-2;1;179
2;202;1731;0;1244;678;-2;2;201
2;203;1731;0;1099;678;-2;3;202
2;204;1731;0;1099;658;390;4;203
2;205;1731;658;1099;20;-1;4;203
2;206;2830;0;145;678;-1;3;202
2;207;1731;678;1244;466;-2;2;201
2;208;1731;678;1203;466;182;3;207
2;209;2934;678;41;466;-1;3;207
2;210;1731;1144;1244;2066;-2;2;201
2;211;1731;1144;622;2066;-2;3;210
2;212;1731;1144;622;2004;313;4;211
2;213;1731;3148;622;62;-1;4;211
2;214;2353;1144;622;2066;-2;3;210
2;215;2353;1144;622;2004;314;4;214
2;216;2353;3148;622;62;-1;4;214
2;217;2975;0;1920;3210;-2;1;179
2;218;2975;0;1920;433;130;2;217
2;219;2975;433;1920;433;131;2;217
2;220;2975;866;1920;433;132;2;217
2;221;2975;1299;1920;433;133;2;217
2;222;2975;1732;1920;779;-2;2;217
2;223;2975;1732;1323;779;1;3;222
2;224;4298;1732;513;779;-2;3;222
2;225;4298;1732;513;755;248;4;224
2;226;4298;2487;513;24;-1;4;224
2;227;4811;1732;84;779;-1;3;222
2;228;2975;2511;1920;305;-2;2;217
2;229;2975;2511;1494;305;346;3;228
2;230;4469;2511;426;305;-1;3;228
2;231;2975;2816;1920;394;-2;2;217
2;232;2975;2816;1854;394;-2;3;231
2;233;2975;2816;1854;29;-2;4;232
2;234;2975;2845;1854;365;347;4;232
2;235;4829;2816;66;394;-1;3;231
2;236;4895;0;1105;3210;-2;1;179
2;237;4895;0;1105;842;-2;2;236
2;238;4895;0;1066;842;134;3;237
2;239;5961;0;39;842;-1;3;237
2;240;4895;842;1105;842;-2;2;236
2;241;4895;842;1066;842;135;3;240
2;242;5961;842;39;842;-1;3;240
2;243;4895;1684;1105;460;-2;2;236
2;244;4895;1684;1055;460;249;3;243
2;245;5950;1684;50;460;-1;3;243
2;246;4895;2144;1105;488;-2;2;236
2;247;4895;2144;1055;488;250;3;246
2;248;5950;2144;50;488;-1;3;246
2;249;4895;2632;1105;578;-2;2;236
2;250;4895;2632;471;578;-2;3;249
2;251;4895;2632;471;542;362;4;250
2;252;4895;3174;471;36;-1;4;250
2;253;5366;2632;564;578;-2;3;249
2;254;5366;2632;564;518;31;4;253
2;255;5366;3150;564;60;-1;4;253
2;256;5930;2632;70;578;-1;3;249
3;257;0;0;6000;3210;-2;0;
3;258;0;0;365;3210;-2;1;257
3;259;0;0;365;1854;348;2;258
3;260;0;1854;365;1356;-2;2;258
3;261;0;1854;341;1356;-2;3;260
3;262;0;1854;341;1223;154;4;261
3;263;0;3077;341;133;-1;4;261
3;264;341;1854;24;1356;-1;3;260
3;265;365;0;862;3210;-2;1;257
3;266;365;0;862;1688;-2;2;265
3;267;365;0;417;1688;62;3;266
3;268;782;0;417;1688;63;3;266
3;269;1199;0;28;1688;-1;3;266
3;270;365;1688;862;1522;-2;2;265
3;271;365;1688;842;1522;-2;3;270
3;272;365;1688;842;1466;136;4;271
3;273;365;3154;842;56;-1;4;271
3;274;1207;1688;20;1522;-1;3;270
3;275;1227;0;1684;3210;-2;1;257
3;276;1227;0;1684;455;-2;2;275
3;277;1227;0;1656;455;64;3;276
3;278;2883;0;28;455;-1;3;276
3;279;1227;455;1684;455;-2;2;275
3;280;1227;455;1656;455;65;3;279
3;281;2883;455;28;455;-1;3;279
3;282;1227;910;1684;1466;-2;2;275
3;283;1227;910;842;1466;137;3;282
3;284;2069;910;842;1466;138;3;282
3;285;1227;2376;1684;362;-2;2;275
3;286;1227;2376;1634;362;349;3;285
3;287;2861;2376;50;362;-1;3;285
3;288;1227;2738;1684;472;-2;2;275
3;289;1227;2738;1652;472;-2;3;288
3;290;1227;2738;1652;365;350;4;289
3;291;1227;3103;1652;107;-1;4;289
3;292;2879;2738;32;472;-1;3;288
3;293;2911;0;570;3210;-2;1;257
3;294;2911;0;570;1592;2;2;293
3;295;2911;1592;570;471;-2;2;293
3;296;2911;1592;542;471;363;3;295
3;297;3453;1592;28;471;-1;3;295
3;298;2911;2063;570;480;-2;2;293
3;299;2911;2063;531;480;210;3;298
3;300;3442;2063;39;480;-1;3;298
3;301;2911;2543;570;667;-2;2;293
3;302;2911;2543;518;667;-2;3;301
3;303;2911;2543;518;564;32;4;302
3;304;2911;3107;518;103;-1;4;302
3;305;3429;2543;52;667;-1;3;301
3;306;3481;0;1844;3210;-2;1;257
3;307;3481;0;1844;1022;-2;2;306
3;308;3481;0;461;1022;364;3;307
3;309;3942;0;461;1022;365;3;307
3;310;4403;0;461;1022;366;3;307
3;311;4864;0;461;1022;367;3;307
3;312;3481;1022;1844;873;-2;2;306
3;313;3481;1022;473;873;3;3;312
3;314;3954;1022;473;873;4;3;312
3;315;4427;1022;473;873;5;3;312
3;316;4900;1022;332;873;-2;3;312
3;317;4900;1022;332;782;315;4;316
3;318;4900;1804;332;91;-1;4;316
3;319;5232;1022;93;873;-1;3;312
3;320;3481;1895;1844;842;-2;2;306
3;321;3481;1895;1466;842;139;3;320
3;322;4947;1895;315;842;-2;3;320
3;323;4947;1895;315;760;251;4;322
3;324;4947;2655;315;82;-1;4;322
3;325;5262;1895;63;842;-1;3;320
3;326;3481;2737;1844;473;-2;2;306
3;327;3481;2737;873;473;6;3;326
3;328;4354;2737;873;473;7;3;326
3;329;5227;2737;98;473;-1;3;326
3;330;5325;0;675;3210;-2;1;257
3;331;5325;0;675;785;-2;2;330
3;332;5325;0;35;785;-1;3;331
3;333;5360;0;615;785;8;3;331
3;334;5975;0;25;785;-1;3;331
3;335;5325;785;675;840;-2;2;330
3;336;5325;785;638;840;66;3;335
3;337;5963;785;37;840;-1;3;335
3;338;5325;1625;675;1585;-2;2;330
3;339;5325;1625;592;1585;-2;3;338
3;340;5325;1625;592;1472;211;4;339
3;341;5325;3097;592;113;-1;4;339
3;342;5917;1625;83;1585;-1;3;338
4;343;0;0;6000;3210;-2;0;
4;344;0;0;596;3210;-2;1;343
4;345;0;0;596;1920;140;2;344
4;346;0;1920;596;369;-2;2;344
4;347;0;1920;572;369;368;3;346
4;348;572;1920;24;369;-1;3;346
4;349;0;2289;596;369;-2;2;344
4;350;0;2289;572;369;369;3;349
4;351;572;2289;24;369;-1;3;349
4;352;0;2658;596;552;-2;2;344
4;353;0;2658;564;552;-2;3;352
4;354;0;2658;564;518;33;4;353
4;355;0;3176;564;34;-1;4;353
4;356;564;2658;32;552;-1;3;352
4;357;596;0;958;3210;-2;1;343
4;358;596;0;958;1950;-2;2;357
4;359;596;0;464;1950;370;3;358
4;360;1060;0;464;1950;371;3;358
4;361;1524;0;30;1950;-1;3;358
4;362;596;1950;958;866;-2;2;357
4;363;596;1950;479;866;141;3;362
4;364;1075;1950;479;866;142;3;362
4;365;596;2816;958;394;-2;2;357
4;366;596;2816;933;394;-2;3;365
4;367;596;2816;933;365;95;4;366
4;368;596;3181;933;29;-1;4;366
4;369;1529;2816;25;394;-1;3;365
4;370;1554;0;571;3210;-2;1;343
4;371;1554;0;571;1317;372;2;370
4;372;1554;1317;571;1317;373;2;370
4;373;1554;2634;571;576;-2;2;370
4;374;1554;2634;513;576;-2;3;373
4;375;1554;2634;513;555;252;4;374
4;376;1554;3189;513;21;-1;4;374
4;377;2067;2634;58;576;-1;3;373
4;378;2125;0;2284;3210;-2;1;343
4;379;2125;0;2284;1617;-2;2;378
4;380;2125;0;571;1617;374;3;379
4;381;2696;0;571;1617;375;3;379
4;382;3267;0;571;1617;376;3;379
4;383;3838;0;571;1617;377;3;379
4;384;2125;1617;2284;1155;-2;2;378
4;385;2125;1617;463;1155;67;3;384
4;386;2588;1617;463;1155;68;3;384
4;387;3051;1617;463;1155;69;3;384
4;388;3514;1617;463;1155;70;3;384
4;389;3977;1617;407;1155;-2;3;384
4;390;3977;1617;407;1046;273;4;389
4;391;3977;2663;407;109;-1;4;389
4;392;4384;1617;25;1155;-1;3;384
4;393;2125;2772;2284;438;-2;2;378
4;394;2125;2772;535;438;-2;3;393
4;395;2125;2772;535;415;9;4;394
4;396;2125;3187;535;23;-1;4;394
4;397;2660;2772;1652;438;-2;3;393
4;398;2660;2772;1652;365;351;4;397
4;399;2660;3137;1652;73;-1;4;397
4;400;4312;2772;97;438;-1;3;393
4;401;4409;0;506;3210;-2;1;343
4;402;4409;0;506;1852;378;2;401
4;403;4409;1852;506;1358;-2;2;401
4;404;4409;1852;470;1358;-2;3;403
4;405;4409;1852;470;1273;183;4;404
4;406;4409;3125;470;85;-1;4;404
4;407;4879;1852;36;1358;-1;3;403
4;408;4915;0;533;3210;-2;1;343
4;409;4915;0;533;1852;-2;2;408
4;410;4915;0;506;1852;379;3;409
4;411;5421;0;27;1852;-1;3;409
4;412;4915;1852;533;555;-2;2;408
4;413;4915;1852;513;555;253;3;412
4;414;5428;1852;20;555;-1;3;412
4;415;4915;2407;533;803;-2;2;408
4;416;4915;2407;508;803;-2;3;415
4;417;4915;2407;508;760;254;4;416
4;418;4915;3167;508;43;-1;4;416
4;419;5423;2407;25;803;-1;3;415
4;420;5448;0;552;3210;-2;1;343
4;421;5448;0;552;1852;-2;2;420
4;422;5448;0;506;1852;380;3;421
4;423;5954;0;46;1852;-1;3;421
4;424;5448;1852;552;564;-2;2;420
4;425;5448;1852;518;564;34;3;424
4;426;5966;1852;34;564;-1;3;424
4;427;5448;2416;552;794;-2;2;420
4;428;5448;2416;508;794;-2;3;427
4;429;5448;2416;508;760;255;4;428
4;430;5448;3176;508;34;-1;4;428
4;431;5956;2416;44;794;-1;3;427
5;432;0;0;6000;3210;-2;0;
5;433;0;0;506;3210;-2;1;432
5;434;0;0;506;1852;381;2;433
5;435;0;1852;506;1358;-2;2;433
5;436;0;1852;470;1358;-2;3;435
5;437;0;1852;470;1273;184;4;436
5;438;0;3125;470;85;-1;4;436
5;439;470;1852;36;1358;-1;3;435
5;440;506;0;506;3210;-2;1;432
5;441;506;0;506;1852;382;2;440
5;442;506;1852;506;1358;-2;2;440
5;443;506;1852;470;1358;-2;3;442
5;444;506;1852;470;1273;185;4;443
5;445;506;3125;470;85;-1;4;443
5;446;976;1852;36;1358;-1;3;442
5;447;1012;0;754;3210;-2;1;432
5;448;1012;0;754;1022;-2;2;447
5;449;1012;0;714;1022;316;3;448
5;450;1726;0;40;1022;-1;3;448
5;451;1012;1022;754;1383;317;2;447
5;452;1012;2405;754;805;-2;2;447
5;453;1012;2405;358;805;-2;3;452
5;454;1012;2405;358;780;10;4;453
5;455;1012;3185;358;25;-1;4;453
5;456;1370;2405;358;805;-2;3;452
5;457;1370;2405;358;780;11;4;456
5;458;1370;3185;358;25;-1;4;456
5;459;1728;2405;38;805;-1;3;452
5;460;1766;0;506;3210;-2;1;432
5;461;1766;0;506;1852;383;2;460
5;462;1766;1852;506;1358;-2;2;460
5;463;1766;1852;456;1358;-2;3;462
5;464;1766;1852;456;1291;186;4;463
5;465;1766;3143;456;67;-1;4;463
5;466;2222;1852;50;1358;-1;3;462
5;467;2272;0;400;3210;-2;1;432
5;468;2272;0;400;1654;-2;2;467
5;469;2272;0;365;1654;352;3;468
5;470;2637;0;35;1654;-1;3;468
5;471;2272;1654;400;442;-2;2;467
5;472;2272;1654;380;442;384;3;471
5;473;2652;1654;20;442;-1;3;471
5;474;2272;2096;400;1114;-2;2;467
5;475;2272;2096;352;1114;-2;3;474
5;476;2272;2096;352;1081;274;4;475
5;477;2272;3177;352;33;-1;4;475
5;478;2624;2096;48;1114;-1;3;474
5;479;2672;0;899;3210;-2;1;432
5;480;2672;0;899;1052;-2;2;479
5;481;2672;0;834;1052;391;3;480
5;482;3506;0;65;1052;-1;3;480
5;483;2672;1052;899;432;-2;2;479
5;484;2672;1052;814;432;96;3;483
5;485;3486;1052;85;432;-1;3;483
5;486;2672;1484;899;612;275;2;479
5;487;2672;2096;899;612;276;2;479
5;488;2672;2708;899;502;-2;2;479
5;489;2672;2708;873;502;-2;3;488
5;490;2672;2708;873;473;12;4;489
5;491;2672;3181;873;29;-1;4;489
5;492;3545;2708;26;502;-1;3;488
5;493;3571;0;601;3210;-2;1;432
5;494;3571;0;601;1289;277;2;493
5;495;3571;1289;601;1289;278;2;493
5;496;3571;2578;601;632;-2;2;493
5;497;3571;2578;520;632;-2;3;496
5;498;3571;2578;520;564;35;4;497
5;499;3571;3142;520;68;-1;4;497
5;500;4091;2578;81;632;-1;3;496
5;501;4172;0;1398;3210;-2;1;432
5;502;4172;0;1398;1044;-2;2;501
5;503;4172;0;699;1044;279;3;502
5;504;4871;0;699;1044;280;3;502
5;505;4172;1044;1398;1044;-2;2;501
5;506;4172;1044;699;1044;281;3;505
5;507;4871;1044;699;1044;282;3;505
5;508;4172;2088;1398;1122;-2;2;501
5;509;4172;2088;699;1122;-2;3;508
5;510;4172;2088;699;1044;283;4;509
5;511;4172;3132;699;78;-1;4;509
5;512;4871;2088;699;1122;-2;3;508
5;513;4871;2088;699;1044;284;4;512
5;514;4871;3132;699;78;-1;4;512
5;515;5570;0;399;3210;-2;1;432
5;516;5570;0;399;654;-2;2;515
5;517;5570;0;373;654;318;3;516
5;518;5943;0;26;654;-1;3;516
5;519;5570;654;399;1654;-2;2;515
5;520;5570;654;365;1654;353;3;519
5;521;5935;654;34;1654;-1;3;519
5;522;5570;2308;399;902;-2;2;515
5;523;5570;2308;379;902;-2;3;522
5;524;5570;2308;379;866;143;4;523
5;525;5570;3174;379;36;-1;4;523
5;526;5949;2308;20;902;-1;3;522
5;527;5969;0;31;3210;-1;1;432
6;528;0;0;6000;3210;-2;0;
6;529;0;0;1702;3210;-2;1;528
6;530;0;0;1702;1395;-2;2;529
6;531;0;0;477;1395;-2;3;530
6;532;0;0;477;1364;212;4;531
6;533;0;1364;477;31;-1;4;531
6;534;477;0;477;1395;-2;3;530
6;535;477;0;477;1364;213;4;534
6;536;477;1364;477;31;-1;4;534
6;537;954;0;748;1395;-2;3;530
6;538;954;0;748;1375;319;4;537
6;539;954;1375;748;20;-1;4;537
6;540;0;1395;1702;362;-2;2;529
6;541;0;1395;1634;362;354;3;540
6;542;1634;1395;68;362;-1;3;540
6;543;0;1757;1702;365;-2;2;529
6;544;0;1757;1654;365;355;3;543
6;545;1654;1757;48;365;-1;3;543
6;546;0;2122;1702;1088;-2;2;529
6;547;0;2122;699;1088;-2;3;546
6;548;0;2122;699;1044;285;4;547
6;549;0;3166;699;44;-1;4;547
6;550;699;2122;488;1088;-2;3;546
6;551;699;2122;488;1055;214;4;550
6;552;699;3177;488;33;-1;4;550
6;553;1187;2122;488;1088;-2;3;546
6;554;1187;2122;488;1055;215;4;553
6;555;1187;3177;488;33;-1;4;553
6;556;1675;2122;27;1088;-1;3;546
6;557;1702;0;1376;3210;-2;1;528
6;558;1702;0;1376;479;155;2;557
6;559;1702;479;1376;479;156;2;557
6;560;1702;958;1376;564;-2;2;557
6;561;1702;958;618;564;36;3;560
6;562;2320;958;618;564;37;3;560
6;563;2938;958;140;564;-1;3;560
6;564;1702;1522;1376;1224;-2;2;557
6;565;1702;1522;677;1224;157;3;564
6;566;2379;1522;677;1224;158;3;564
6;567;3056;1522;22;1224;-1;3;564
6;568;1702;2746;1376;464;-2;2;557
6;569;1702;2746;1245;464;-2;3;568
6;570;1702;2746;1245;383;38;4;569
6;571;1702;3129;1245;81;-1;4;569
6;572;2947;2746;131;464;-1;3;568
6;573;3078;0;896;3210;-2;1;528
6;574;3078;0;896;1381;-2;2;573
6;575;3078;0;448;1381;187;3;574
6;576;3526;0;448;1381;188;3;574
6;577;3078;1381;896;473;-2;2;573
6;578;3078;1381;873;473;13;3;577
6;579;3951;1381;23;473;-1;3;577
6;580;3078;1854;896;1356;-2;2;573
6;581;3078;1854;472;1356;-2;3;580
6;582;3078;1854;472;1294;159;4;581
6;583;3078;3148;472;62;-1;4;581
6;584;3550;1854;383;1356;-2;3;580
6;585;3550;1854;383;1245;39;4;584
6;586;3550;3099;383;111;-1;4;584
6;587;3933;1854;41;1356;-1;3;580
6;588;3974;0;508;3210;-2;1;528
6;589;3974;0;508;1364;-2;2;588
6;590;3974;0;482;1364;189;3;589
6;591;4456;0;26;1364;-1;3;589
6;592;3974;1364;508;1055;-2;2;588
6;593;3974;1364;488;1055;216;3;592
6;594;4462;1364;20;1055;-1;3;592
6;595;3974;2419;508;791;-2;2;588
6;596;3974;2419;477;791;-2;3;595
6;597;3974;2419;477;764;97;4;596
6;598;3974;3183;477;27;-1;4;596
6;599;4451;2419;31;791;-1;3;595
6;600;4482;0;513;3210;-2;1;528
6;601;4482;0;513;1364;-2;2;600
6;602;4482;0;482;1364;190;3;601
6;603;4964;0;31;1364;-1;3;601
6;604;4482;1364;513;755;256;2;600
6;605;4482;2119;513;1091;-2;2;600
6;606;4482;2119;473;1091;-2;3;605
6;607;4482;2119;473;218;-2;4;606
6;608;4482;2337;473;873;14;4;606
6;609;4955;2119;40;1091;-1;3;605
6;610;4995;0;984;3210;-2;1;528
6;611;4995;0;984;773;-2;2;610
6;612;4995;0;320;773;385;3;611
6;613;5315;0;320;773;386;3;611
6;614;5635;0;270;773;-2;3;611
6;615;5635;0;270;604;387;4;614
6;616;5635;604;270;169;-1;4;614
6;617;5905;0;74;773;-1;3;611
6;618;4995;773;984;352;-2;2;610
6;619;4995;773;43;352;-1;3;618
6;620;5038;773;858;352;320;3;618
6;621;5896;773;83;352;-1;3;618
6;622;4995;1125;984;618;-2;2;610
6;623;4995;1125;964;618;40;3;622
6;624;5959;1125;20;618;-1;3;622
6;625;4995;1743;984;1467;-2;2;610
6;626;4995;1743;472;1467;-2;3;625
6;627;4995;1743;472;1294;160;4;626
6;628;4995;3037;472;173;-1;4;626
6;629;5467;1743;479;1467;-2;3;625
6;630;5467;1743;479;1376;161;4;629
6;631;5467;3119;479;91;-1;4;629
6;632;5946;1743;33;1467;-1;3;625
6;633;5979;0;21;3210;-1;1;528
7;634;0;0;6000;3210;-2;0;
7;635;0;0;479;3210;-2;1;634
7;636;0;0;479;1376;162;2;635
7;637;0;1376;479;1834;-2;2;635
7;638;0;1376;428;1834;-2;3;637
7;639;0;1376;428;1692;163;4;638
7;640;0;3068;428;142;-1;4;638
7;641;428;1376;51;1834;-1;3;637
7;642;479;0;1476;3210;-2;1;634
7;643;479;0;1476;1772;-2;2;642
7;644;479;0;582;1772;191;3;643
7;645;1061;0;428;1772;-2;3;643
7;646;1061;0;428;1692;164;4;645
7;647;1061;1692;428;80;-1;4;645
7;648;1489;0;428;1772;-2;3;643
7;649;1489;0;428;1692;165;4;648
7;650;1489;1692;428;80;-1;4;648
7;651;1917;0;38;1772;-1;3;643
7;652;479;1772;1476;784;-2;2;642
7;653;479;1772;1373;784;41;3;652
7;654;1852;1772;103;784;-1;3;652
7;655;479;2556;1476;654;-2;2;642
7;656;479;2556;948;654;-2;3;655
7;657;479;2556;948;627;71;4;656
7;658;479;3183;948;27;-1;4;656
7;659;1427;2556;264;654;-2;3;655
7;660;1427;2556;264;628;192;4;659
7;661;1427;3184;264;26;-1;4;659
7;662;1691;2556;264;654;-2;3;655
7;663;1691;2556;264;628;193;4;662
7;664;1691;3184;264;26;-1;4;662
7;665;1955;0;1704;3210;-2;1;634
7;666;1955;0;1704;2010;-2;2;665
7;667;1955;0;426;2010;166;3;666
7;668;2381;0;426;2010;167;3;666
7;669;2807;0;426;2010;168;3;666
7;670;3233;0;426;2010;169;3;666
7;671;1955;2010;1704;365;-2;2;665
7;672;1955;2010;1654;365;356;3;671
7;673;3609;2010;50;365;-1;3;671
7;674;1955;2375;1704;835;-2;2;665
7;675;1955;2375;1199;835;-2;3;674
7;676;1955;2375;1199;727;170;4;675
7;677;1955;3102;1199;108;-1;4;675
7;678;3154;2375;477;835;-2;3;674
7;679;3154;2375;477;764;98;4;678
7;680;3154;3139;477;71;-1;4;678
7;681;3631;2375;28;835;-1;3;674
7;682;3659;0;527;3210;-2;1;634
7;683;3659;0;527;1587;194;2;682
7;684;3659;1587;527;1587;195;2;682
7;685;3659;3174;527;36;-1;2;682
7;686;4186;0;727;3210;-2;1;634
7;687;4186;0;727;1199;171;2;686
7;688;4186;1199;727;1199;172;2;686
7;689;4186;2398;727;812;-2;2;686
7;690;4186;2398;642;812;-2;3;689
7;691;4186;2398;642;766;286;4;690
7;692;4186;3164;642;46;-1;4;690
7;693;4828;2398;85;812;-1;3;689
7;694;4913;0;1087;3210;-2;1;634
7;695;4913;0;1087;488;-2;2;694
7;696;4913;0;1055;488;217;3;695
7;697;5968;0;32;488;-1;3;695
7;698;4913;488;1087;1654;-2;2;694
7;699;4913;488;527;1654;196;3;698
7;700;5440;488;527;1654;197;3;698
7;701;5967;488;33;1654;-1;3;698
7;702;4913;2142;1087;1068;-2;2;694
7;703;4913;2142;672;1068;-2;3;702
7;704;4913;2142;672;1045;218;4;703
7;705;4913;3187;672;23;-1;4;703
7;706;5585;2142;390;1068;-2;3;702
7;707;5585;2142;390;909;321;4;706
7;708;5585;3051;390;159;-1;4;706
7;709;5975;2142;25;1068;-1;3;702
8;710;0;0;6000;3210;-2;0;
8;711;0;0;1214;3210;-2;1;710
8;712;0;0;1214;998;-2;2;711
8;713;0;0;607;998;287;3;712
8;714;607;0;607;998;288;3;712
8;715;0;998;1214;909;-2;2;711
8;716;0;998;390;909;322;3;715
8;717;390;998;390;909;323;3;715
8;718;780;998;390;909;324;3;715
8;719;1170;998;44;909;-1;3;715
8;720;0;1907;1214;327;-2;2;711
8;721;0;1907;1164;327;219;3;720
8;722;1164;1907;50;327;-1;3;720
8;723;0;2234;1214;553;-2;2;711
8;724;0;2234;1135;553;72;3;723
8;725;1135;2234;79;553;-1;3;723
8;726;0;2787;1214;423;-2;2;711
8;727;0;2787;1081;423;-2;3;726
8;728;0;2787;1081;352;325;4;727
8;729;0;3139;1081;71;-1;4;727
8;730;1081;2787;133;423;-1;3;726
8;731;1214;0;1066;3210;-2;1;710
8;732;1214;0;1066;1920;-2;2;731
8;733;1214;0;533;1920;289;3;732
8;734;1747;0;533;1920;290;3;732
8;735;1214;1920;1066;699;-2;2;731
8;736;1214;1920;1044;699;326;3;735
8;737;2258;1920;22;699;-1;3;735
8;738;1214;2619;1066;591;-2;2;731
8;739;1214;2619;442;591;-2;3;738
8;740;1214;2619;442;566;291;4;739
8;741;1214;3185;442;25;-1;4;739
8;742;1656;2619;520;591;-2;3;738
8;743;1656;2619;520;564;42;4;742
8;744;1656;3183;520;27;-1;4;742
8;745;2176;2619;104;591;-1;3;738
8;746;2280;0;782;3210;-2;1;710
8;747;2280;0;782;1265;-2;2;746
8;748;2280;0;391;1265;43;3;747
8;749;2671;0;391;1265;44;3;747
8;750;2280;1265;782;764;-2;2;746
8;751;2280;1265;379;764;327;3;750
8;752;2659;1265;379;764;328;3;750
8;753;3038;1265;24;764;-1;3;750
8;754;2280;2029;782;1181;-2;2;746
8;755;2280;2029;461;1181;-2;3;754
8;756;2280;2029;461;1148;198;4;755
8;757;2280;3177;461;33;-1;4;755
8;758;2741;2029;295;1181;-2;3;754
8;759;2741;2029;295;1065;73;4;758
8;760;2741;3094;295;116;-1;4;758
8;761;3036;2029;26;1181;-1;3;754
8;762;3062;0;1280;3210;-2;1;710
8;763;3062;0;1280;393;45;2;762
8;764;3062;393;1280;1184;-2;2;762
8;765;3062;393;461;1184;-2;3;764
8;766;3062;393;461;1148;199;4;765
8;767;3062;1541;461;36;-1;4;765
8;768;3523;393;461;1184;-2;3;764
8;769;3523;393;461;1148;200;4;768
8;770;3523;1541;461;36;-1;4;768
8;771;3984;393;327;1184;-2;3;764
8;772;3984;393;327;1164;220;4;771
8;773;3984;1557;327;20;-1;4;771
8;774;4311;393;31;1184;-1;3;764
8;775;3062;1577;1280;393;46;2;762
8;776;3062;1970;1280;1240;-2;2;762
8;777;3062;1970;461;1240;-2;3;776
8;778;3062;1970;461;1148;201;4;777
8;779;3062;3118;461;92;-1;4;777
8;780;3523;1970;52;1240;-1;3;776
8;781;3575;1970;727;1240;-2;3;776
8;782;3575;1970;727;1199;173;4;781
8;783;3575;3169;727;41;-1;4;781
8;784;4302;1970;40;1240;-1;3;776
8;785;4342;0;1204;3210;-2;1;710
8;786;4342;0;1204;727;174;2;785
8;787;4342;727;1204;727;175;2;785
8;788;4342;1454;1204;461;-2;2;785
8;789;4342;1454;1148;461;202;3;788
8;790;5490;1454;56;461;-1;3;788
8;791;4342;1915;1204;1295;-2;2;785
8;792;4342;1915;403;1295;-2;3;791
8;793;4342;1915;403;1265;47;4;792
8;794;4342;3180;403;30;-1;4;792
8;795;4745;1915;403;1295;-2;3;791
8;796;4745;1915;403;1265;48;4;795
8;797;4745;3180;403;30;-1;4;795
8;798;5148;1915;398;1295;-2;3;791
8;799;5148;1915;398;1131;221;4;798
8;800;5148;3046;398;164;-1;4;798
8;801;5546;0;415;3210;-2;1;710
8;802;5546;0;415;540;99;2;801
8;803;5546;540;415;1130;-2;2;801
8;804;5546;540;362;1130;292;3;803
8;805;5908;540;53;1130;-1;3;803
8;806;5546;1670;415;614;-2;2;801
8;807;5546;1670;382;614;100;3;806
8;808;5928;1670;33;614;-1;3;806
8;809;5546;2284;415;926;-2;2;801
8;810;5546;2284;352;926;-2;3;809
8;811;5546;2284;352;858;329;4;810
8;812;5546;3142;352;68;-1;4;810
8;813;5898;2284;63;926;-1;3;809
8;814;5961;0;39;3210;-1;1;710
9;815;0;0;6000;3210;-2;0;
9;816;0;0;1732;3210;-2;1;815
9;817;0;0;1732;455;-2;2;816
9;818;0;0;1656;455;74;3;817
9;819;1656;0;76;455;-1;3;817
9;820;0;455;1732;702;-2;2;816
9;821;0;455;1692;702;176;3;820
9;822;1692;455;40;702;-1;3;820
9;823;0;1157;1732;367;-2;2;816
9;824;0;1157;1649;367;357;3;823
9;825;1649;1157;83;367;-1;3;823
9;826;0;1524;1732;679;-2;2;816
9;827;0;1524;866;679;177;3;826
9;828;866;1524;866;679;178;3;826
9;829;0;2203;1732;494;-2;2;816
9;830;0;2203;1593;494;75;3;829
9;831;1593;2203;139;494;-1;3;829
9;832;0;2697;1732;513;-2;2;816
9;833;0;2697;866;513;-2;3;832
9;834;0;2697;866;479;293;4;833
9;835;0;3176;866;34;-1;4;833
9;836;866;2697;866;513;-2;3;832
9;837;866;2697;866;479;294;4;836
9;838;866;3176;866;34;-1;4;836
9;839;1732;0;1346;3210;-2;1;815
9;840;1732;0;1346;1475;-2;2;839
9;841;1732;0;673;1475;76;3;840
9;842;2405;0;673;1475;77;3;840
9;843;1732;1475;1346;396;-2;2;839
9;844;1732;1475;1290;396;49;3;843
9;845;3022;1475;56;396;-1;3;843
9;846;1732;1871;1346;396;-2;2;839
9;847;1732;1871;1290;396;50;3;846
9;848;3022;1871;56;396;-1;3;846
9;849;1732;2267;1346;403;-2;2;839
9;850;1732;2267;1265;403;51;3;849
9;851;2997;2267;81;403;-1;3;849
9;852;1732;2670;1346;540;-2;2;839
9;853;1732;2670;1055;540;-2;3;852
9;854;1732;2670;1055;488;257;4;853
9;855;1732;3158;1055;52;-1;4;853
9;856;2787;2670;291;540;-1;3;852
9;857;3078;0;403;3210;-2;1;815
9;858;3078;0;403;1265;52;2;857
9;859;3078;1265;403;866;-2;2;857
9;860;3078;1265;379;866;144;3;859
9;861;3457;1265;24;866;-1;3;859
9;862;3078;2131;403;1079;-2;2;857
9;863;3078;2131;347;1079;-2;3;862
9;864;3078;2131;347;1058;15;4;863
9;865;3078;3189;347;21;-1;4;863
9;866;3425;2131;56;1079;-1;3;862
9;867;3481;0;570;3210;-2;1;815
9;868;3481;0;570;1592;53;2;867
9;869;3481;1592;570;1592;54;2;867
9;870;3481;3184;570;26;-1;2;867
9;871;4051;0;418;3210;-2;1;815
9;872;4051;0;418;2031;78;2;871
9;873;4051;2031;418;1179;-2;2;871
9;874;4051;2031;398;1179;-2;3;873
9;875;4051;2031;398;1131;222;4;874
9;876;4051;3162;398;48;-1;4;874
9;877;4449;2031;20;1179;-1;3;873
9;878;4469;0;1164;3210;-2;1;815
9;879;4469;0;1164;404;223;2;878
9;880;4469;404;1164;445;-2;2;878
9;881;4469;404;1135;445;16;3;880
9;882;5604;404;29;445;-1;3;880
9;883;4469;849;1164;404;224;2;878
9;884;4469;1253;1164;404;225;2;878
9;885;4469;1657;1164;479;-2;2;878
9;886;4469;1657;1050;479;295;3;885
9;887;5519;1657;114;479;-1;3;885
9;888;4469;2136;1164;567;-2;2;878
9;889;4469;2136;1116;567;-2;3;888
9;890;4469;2136;1116;20;-2;4;889
9;891;4469;2156;1116;547;145;4;889
9;892;5585;2136;48;567;-1;3;888
9;893;4469;2703;1164;507;-2;2;878
9;894;4469;2703;1050;507;-2;3;893
9;895;4469;2703;1050;479;296;4;894
9;896;4469;3182;1050;28;-1;4;894
9;897;5519;2703;114;507;-1;3;893
9;898;5633;0;367;3210;-2;1;815
9;899;5633;0;367;1649;358;2;898
9;900;5633;1649;367;936;-2;2;898
9;901;5633;1649;315;936;101;3;900
9;902;5948;1649;52;936;-1;3;900
9;903;5633;2585;367;625;-2;2;898
9;904;5633;2585;270;625;-2;3;903
9;905;5633;2585;270;604;388;4;904
9;906;5633;3189;270;21;-1;4;904
9;907;5903;2585;97;625;-1;3;903
10;908;0;0;6000;3210;-2;0;
10;909;0;0;893;3210;-2;1;908
10;910;0;0;893;1596;-2;2;909
10;911;0;0;427;1596;17;3;910
10;912;427;0;427;1596;18;3;910
10;913;854;0;39;1596;-1;3;910
10;914;0;1596;893;579;-2;2;909
10;915;0;1596;873;579;226;3;914
10;916;873;1596;20;579;-1;3;914
10;917;0;2175;893;1035;-2;2;909
10;918;0;2175;538;1035;-2;3;917
10;919;0;2175;538;964;227;4;918
10;920;0;3139;538;71;-1;4;918
10;921;538;2175;315;1035;-2;3;917
10;922;538;2175;315;936;102;4;921
10;923;538;3111;315;99;-1;4;921
10;924;853;2175;40;1035;-1;3;917
10;925;893;0;461;3210;-2;1;908
10;926;893;0;461;2031;-2;2;925
10;927;893;0;418;2031;79;3;926
10;928;1311;0;43;2031;-1;3;926
10;929;893;2031;461;1148;203;2;925
10;930;893;3179;461;31;-1;2;925
10;931;1354;0;958;3210;-2;1;908
10;932;1354;0;958;1166;-2;2;931
10;933;1354;0;479;1166;146;3;932
10;934;1833;0;479;1166;147;3;932
10;935;1354;1166;958;842;-2;2;931
10;936;1354;1166;866;842;179;3;935
10;937;2220;1166;92;842;-1;3;935
10;938;1354;2008;958;1202;-2;2;931
10;939;1354;2008;479;1202;-2;3;938
10;940;1354;2008;479;1166;297;4;939
10;941;1354;3174;479;36;-1;4;939
10;942;1833;2008;479;1202;-2;3;938
10;943;1833;2008;479;1166;298;4;942
10;944;1833;3174;479;36;-1;4;942
10;945;2312;0;456;3210;-2;1;908
10;946;2312;0;456;745;-2;2;945
10;947;2312;0;425;745;103;3;946
10;948;2737;0;31;745;-1;3;946
10;949;2312;745;456;1203;228;2;945
10;950;2312;1948;456;1203;229;2;945
10;951;2312;3151;456;59;-1;2;945
10;952;2768;0;661;3210;-2;1;908
10;953;2768;0;661;1738;-2;2;952
10;954;2768;0;610;1738;80;3;953
10;955;3378;0;51;1738;-1;3;953
10;956;2768;1738;661;1472;-2;2;952
10;957;2768;1738;431;1472;-2;3;956
10;958;2768;1738;431;1273;230;4;957
10;959;2768;3011;431;199;-1;4;957
10;960;3199;1738;230;1472;-2;3;956
10;961;3199;1738;230;1414;389;4;960
10;962;3199;3152;230;58;-1;4;960
10;963;3429;0;1894;3210;-2;1;908
10;964;3429;0;1894;365;-2;2;963
10;965;3429;0;1849;365;359;3;964
10;966;5278;0;45;365;-1;3;964
10;967;3429;365;1894;592;81;2;963
10;968;3429;957;1894;443;-2;2;963
10;969;3429;957;1785;443;19;3;968
10;970;5214;957;109;443;-1;3;968
10;971;3429;1400;1894;1810;-2;2;963
10;972;3429;1400;610;1810;-2;3;971
10;973;3429;1400;610;1738;82;4;972
10;974;3429;3138;610;72;-1;4;972
10;975;4039;1400;412;1810;-2;3;971
10;976;4039;1400;412;1744;204;4;975
10;977;4039;3144;412;66;-1;4;975
10;978;4451;1400;412;1810;-2;3;971
10;979;4451;1400;412;1744;205;4;978
10;980;4451;3144;412;66;-1;4;978
10;981;4863;1400;412;1810;-2;3;971
10;982;4863;1400;412;1744;206;4;981
10;983;4863;3144;412;66;-1;4;981
10;984;5275;1400;48;1810;-1;3;971
10;985;5323;0;677;3210;-2;1;908
10;986;5323;0;677;555;-2;2;985
10;987;5323;0;315;555;258;3;986
10;988;5638;0;315;555;259;3;986
10;989;5953;0;47;555;-1;3;986
10;990;5323;555;677;1616;-2;2;985
10;991;5323;555;624;1616;83;3;990
10;992;5947;555;53;1616;-1;3;990
10;993;5323;2171;677;1039;-2;2;985
10;994;5323;2171;320;1039;-2;3;993
10;995;5323;2171;320;980;104;4;994
10;996;5323;3151;320;59;-1;4;994
10;997;5643;2171;329;1039;-2;3;993
10;998;5643;2171;329;980;105;4;997
10;999;5643;3151;329;59;-1;4;997
10;1000;5972;2171;28;1039;-1;3;993
11;1001;0;0;6000;3210;-2;0;
11;1002;0;0;462;3210;-2;1;1001
11;1003;0;0;462;1926;-2;2;1002
11;1004;0;0;420;1926;20;3;1003
11;1005;420;0;42;1926;-1;3;1003
11;1006;0;1926;462;1194;231;2;1002
11;1007;0;3120;462;90;-1;2;1002
11;1008;462;0;1264;3210;-2;1;1001
11;1009;462;0;1264;1738;-2;2;1008
11;1010;462;0;610;1738;84;3;1009
11;1011;1072;0;610;1738;85;3;1009
11;1012;1682;0;44;1738;-1;3;1009
11;1013;462;1738;1264;475;232;2;1008
11;1014;462;2213;1264;475;233;2;1008
11;1015;462;2688;1264;475;234;2;1008
11;1016;462;3163;1264;47;-1;2;1008
11;1017;1726;0;950;3210;-2;1;1001
11;1018;1726;0;950;1270;-2;2;1017
11;1019;1726;0;929;1270;86;3;1018
11;1020;2655;0;21;1270;-1;3;1018
11;1021;1726;1270;950;1264;-2;2;1017
11;1022;1726;1270;475;1264;235;3;1021
11;1023;2201;1270;475;1264;236;3;1021
11;1024;1726;2534;950;676;-2;2;1017
11;1025;1726;2534;853;676;-2;3;1024
11;1026;1726;2534;853;554;106;4;1025
11;1027;1726;3088;853;122;-1;4;1025
11;1028;2579;2534;97;676;-1;3;1024
11;1029;2676;0;570;3210;-2;1;1001
11;1030;2676;0;570;1592;55;2;1029
11;1031;2676;1592;570;1618;-2;2;1029
11;1032;2676;1592;505;1618;-2;3;1031
11;1033;2676;1592;505;1460;148;4;1032
11;1034;2676;3052;505;158;-1;4;1032
11;1035;3181;1592;65;1618;-1;3;1031
11;1036;3246;0;471;3210;-2;1;1001
11;1037;3246;0;471;980;107;2;1036
11;1038;3246;980;471;1100;-2;2;1036
11;1039;3246;980;443;1100;87;3;1038
11;1040;3689;980;28;1100;-1;3;1038
11;1041;3246;2080;471;980;108;2;1036
11;1042;3246;3060;471;150;-1;2;1036
11;1043;3717;0;475;3210;-2;1;1001
11;1044;3717;0;475;1264;237;2;1043
11;1045;3717;1264;475;1946;-2;2;1043
11;1046;3717;1264;420;1946;-2;3;1045
11;1047;3717;1264;420;1926;21;4;1046
11;1048;3717;3190;420;20;-1;4;1046
11;1049;4137;1264;55;1946;-1;3;1045
11;1050;4192;0;463;3210;-2;1;1001
11;1051;4192;0;463;1030;109;2;1050
11;1052;4192;1030;463;1030;110;2;1050
11;1053;4192;2060;463;1150;-2;2;1050
11;1054;4192;2060;443;1150;-2;3;1053
11;1055;4192;2060;443;1100;88;4;1054
11;1056;4192;3160;443;50;-1;4;1054
11;1057;4635;2060;20;1150;-1;3;1053
11;1058;4655;0;443;3210;-2;1;1001
11;1059;4655;0;443;1931;-2;2;1058
11;1060;4655;0;420;1931;22;3;1059
11;1061;5075;0;23;1931;-1;3;1059
11;1062;4655;1931;443;1100;89;2;1058
11;1063;4655;3031;443;179;-1;2;1058
11;1064;5098;0;448;3210;-2;1;1001
11;1065;5098;0;448;1596;-2;2;1064
11;1066;5098;0;427;1596;23;3;1065
11;1067;5525;0;21;1596;-1;3;1065
11;1068;5098;1596;448;1381;238;2;1064
11;1069;5098;2977;448;233;-1;2;1064
11;1070;5546;0;454;3210;-2;1;1001
11;1071;5546;0;454;1596;-2;2;1070
11;1072;5546;0;427;1596;24;3;1071
11;1073;5973;0;27;1596;-1;3;1071
11;1074;5546;1596;454;555;-2;2;1070
11;1075;5546;1596;315;555;260;3;1074
11;1076;5861;1596;139;555;-1;3;1074
11;1077;5546;2151;454;1059;-2;2;1070
11;1078;5546;2151;415;1059;-2;3;1077
11;1079;5546;2151;415;755;207;4;1078
11;1080;5546;2906;415;304;-1;4;1078
11;1081;5961;2151;39;1059;-1;3;1077
12;1082;0;0;6000;3210;-2;0;
12;1083;0;0;1696;3210;-2;1;1082
12;1084;0;0;1696;237;-2;2;1083
12;1085;0;0;1673;237;261;3;1084
12;1086;1673;0;23;237;-1;3;1084
12;1087;0;237;1696;1055;-2;2;1083
12;1088;0;237;488;1055;262;3;1087
12;1089;488;237;488;1055;263;3;1087
12;1090;976;237;618;1055;-2;3;1087
12;1091;976;237;618;964;56;4;1090
12;1092;976;1201;618;91;-1;4;1090
12;1093;1594;237;102;1055;-1;3;1087
12;1094;0;1292;1696;613;264;2;1083
12;1095;0;1905;1696;613;265;2;1083
12;1096;0;2518;1696;692;-2;2;1083
12;1097;0;2518;1673;692;-2;3;1096
12;1098;0;2518;1673;647;266;4;1097
12;1099;0;3165;1673;45;-1;4;1097
12;1100;1673;2518;23;692;-1;3;1096
12;1101;1696;0;1258;3210;-2;1;1082
12;1102;1696;0;1258;1064;-2;2;1101
12;1103;1696;0;618;1064;57;3;1102
12;1104;2314;0;618;1064;58;3;1102
12;1105;2932;0;22;1064;-1;3;1102
12;1106;1696;1064;1258;477;-2;2;1101
12;1107;1696;1064;1040;477;111;3;1106
12;1108;2736;1064;218;477;-1;3;1106
12;1109;1696;1541;1258;477;-2;2;1101
12;1110;1696;1541;1040;477;112;3;1109
12;1111;2736;1541;218;477;-1;3;1109
12;1112;1696;2018;1258;1192;-2;2;1101
12;1113;1696;2018;616;1192;-2;3;1112
12;1114;1696;2018;616;1164;59;4;1113
12;1115;1696;3182;616;28;-1;4;1113
12;1116;2312;2018;642;1192;-2;3;1112
12;1117;2312;2018;642;1066;299;4;1116
12;1118;2312;3084;642;126;-1;4;1116
12;1119;2954;0;1931;3210;-2;1;1082
12;1120;2954;0;1931;443;-2;2;1119
12;1121;2954;0;1785;443;25;3;1120
12;1122;4739;0;146;443;-1;3;1120
12;1123;2954;443;1931;420;26;2;1119
12;1124;2954;863;1931;26;-1;2;1119
12;1125;2954;889;1931;569;27;2;1119
12;1126;2954;1458;1931;569;28;2;1119
12;1127;2954;2027;1931;1183;-2;2;1119
12;1128;2954;2027;465;1183;-2;3;1127
12;1129;2954;2027;465;1135;113;4;1128
12;1130;2954;3162;465;48;-1;4;1128
12;1131;3419;2027;465;1183;-2;3;1127
12;1132;3419;2027;465;1135;114;4;1131
12;1133;3419;3162;465;48;-1;4;1131
12;1134;3884;2027;465;1183;-2;3;1127
12;1135;3884;2027;465;1139;115;4;1134
12;1136;3884;3166;465;44;-1;4;1134
12;1137;4349;2027;465;1183;-2;3;1127
12;1138;4349;2027;465;1139;116;4;1137
12;1139;4349;3166;465;44;-1;4;1137
12;1140;4814;2027;71;1183;-1;3;1127
12;1141;4885;0;569;3210;-2;1;1082
12;1142;4885;0;569;1926;29;2;1141
12;1143;4885;1926;569;1284;-2;2;1141
12;1144;4885;1926;465;1284;-2;3;1143
12;1145;4885;1926;465;1139;117;4;1144
12;1146;4885;3065;465;145;-1;4;1144
12;1147;5350;1926;104;1284;-1;3;1143
12;1148;5454;0;505;3210;-2;1;1082
12;1149;5454;0;505;1460;149;2;1148
12;1150;5454;1460;505;755;-2;2;1148
12;1151;5454;1460;20;755;-1;3;1150
12;1152;5474;1460;415;755;208;3;1150
12;1153;5889;1460;70;755;-1;3;1150
12;1154;5454;2215;505;702;-2;2;1148
12;1155;5454;2215;20;702;-1;3;1154
12;1156;5474;2215;426;702;209;3;1154
12;1157;5900;2215;59;702;-1;3;1154
12;1158;5454;2917;505;293;-2;2;1148
12;1159;5454;2917;431;293;-2;3;1158
12;1160;5454;2917;431;252;267;4;1159
12;1161;5454;3169;431;41;-1;4;1159
12;1162;5885;2917;74;293;-1;3;1158
12;1163;5959;0;41;3210;-1;1;1082
13;1164;0;0;6000;3210;-2;0;
13;1165;0;0;913;3210;-2;1;1164
13;1166;0;0;913;1381;-2;2;1165
13;1167;0;0;448;1381;239;3;1166
13;1168;448;0;465;1381;-2;3;1166
13;1169;448;0;465;1139;118;4;1168
13;1170;448;1139;465;242;-1;4;1168
13;1171;0;1381;913;1135;-2;2;1165
13;1172;0;1381;553;1135;119;3;1171
13;1173;553;1381;360;1135;-1;3;1171
13;1174;0;2516;913;328;-2;2;1165
13;1175;0;2516;630;328;268;3;1174
13;1176;630;2516;283;328;-1;3;1174
13;1177;0;2844;913;366;-2;2;1165
13;1178;0;2844;630;366;-2;3;1177
13;1179;0;2844;630;328;269;4;1178
13;1180;0;3172;630;38;-1;4;1178
13;1181;630;2844;283;366;-1;3;1177
13;1182;913;0;5087;3210;-3;1;1164
