PLATE_ID;NODE_ID;X;Y;WIDTH;HEIGHT;TYPE;CUT;PARENT
0;0;0;0;6000;3210;-2;0;
0;1;0;0;1176;3210;-2;1;0
0;2;0;0;1176;2030;-2;2;1
0;3;0;0;350;2030;119;3;2
0;4;350;0;826;2030;-2;3;2
0;5;350;0;826;1986;20;4;4
0;6;350;1986;826;44;-1;4;4
0;7;0;2030;1176;890;-2;2;1
0;8;0;2030;444;890;72;3;7
0;9;444;2030;316;890;-2;3;7
0;10;444;2030;316;486;109;4;9
0;11;444;2516;316;404;-1;4;9
0;12;760;2030;316;890;-2;3;7
0;13;760;2030;316;486;110;4;12
0;14;760;2516;316;404;-1;4;12
0;15;1076;2030;100;890;-1;3;7
0;16;0;2920;1176;290;-2;2;1
0;17;0;2920;925;290;-2;3;16
0;18;0;2920;925;265;52;4;17
0;19;0;3185;925;25;-1;4;17
0;20;925;2920;251;290;-1;3;16
0;21;1176;0;2930;3210;-2;1;0
0;22;1176;0;2930;408;-2;2;21
0;23;1176;0;2897;408;120;3;22
0;24;4073;0;33;408;-1;3;22
0;25;1176;408;2930;655;-2;2;21
0;26;1176;408;1455;655;121;3;25
0;27;2631;408;1455;655;122;3;25
0;28;4086;408;20;655;-1;3;25
0;29;1176;1063;2930;1134;-2;2;21
0;30;1176;1063;2163;1134;21;3;29
0;31;3339;1063;767;1134;-2;3;29
0;32;3339;1063;767;1088;92;4;31
0;33;3339;2151;767;46;-1;4;31
0;34;1176;2197;2930;1013;-2;2;21
0;35;1176;2197;1790;1013;-2;3;34
0;36;1176;2197;1790;934;123;4;35
0;37;1176;3131;1790;79;-1;4;35
0;38;2966;2197;1033;1013;-2;3;34
0;39;2966;2197;1033;921;22;4;38
0;40;2966;3118;1033;92;-1;4;38
0;41;3999;2197;107;1013;-1;3;34
0;42;4106;0;1868;3210;-2;1;0
0;43;4106;0;1868;308;-2;2;42
0;44;4106;0;1710;308;93;3;43
0;45;5816;0;158;308;-1;3;43
0;46;4106;308;1868;1790;-2;2;42
0;47;4106;308;934;1790;124;3;46
0;48;5040;308;934;1790;125;3;46
0;49;4106;2098;1868;1112;-2;2;42
0;50;4106;2098;588;1112;-2;3;49
0;51;4106;2098;588;1063;111;4;50
0;52;4106;3161;588;49;-1;4;50
0;53;4694;2098;588;1112;-2;3;49
0;54;4694;2098;588;1063;112;4;53
0;55;4694;3161;588;49;-1;4;53
0;56;5282;2098;588;1112;-2;3;49
0;57;5282;2098;588;1063;113;4;56
0;58;5282;3161;588;49;-1;4;56
0;59;5870;2098;104;1112;-1;3;49
0;60;5974;0;26;3210;-1;1;0
1;61;0;0;6000;3210;-2;0;
1;62;0;0;2566;3210;-2;1;61
1;63;0;0;2566;1321;-2;2;62
1;64;0;0;1978;1321;40;3;63
1;65;1978;0;588;1321;-2;3;63
1;66;1978;0;588;1063;114;4;65
1;67;1978;1063;588;258;-1;4;65
1;68;0;1321;2566;1889;-2;2;62
1;69;0;1321;308;1889;-2;3;68
1;70;0;1321;308;1710;94;4;69
1;71;0;3031;308;179;-1;4;69
1;72;308;1321;2195;1889;-2;3;68
1;73;308;1321;2195;1851;95;4;72
1;74;308;3172;2195;38;-1;4;72
1;75;2503;1321;63;1889;-1;3;68
1;76;2566;0;934;3210;-2;1;61
1;77;2566;0;934;1790;126;2;76
1;78;2566;1790;934;880;-2;2;76
1;79;2566;1790;890;880;73;3;78
1;80;3456;1790;44;880;-1;3;78
1;81;2566;2670;934;540;-2;2;76
1;82;2566;2670;890;540;-2;3;81
1;83;2566;2670;890;444;74;4;82
1;84;2566;3114;890;96;-1;4;82
1;85;3456;2670;44;540;-1;3;81
1;86;3500;0;1060;3210;-2;1;61
1;87;3500;0;1060;1907;-2;2;86
1;88;3500;0;165;1907;-1;3;87
1;89;3665;0;855;1907;23;3;87
1;90;4520;0;40;1907;-1;3;87
1;91;3500;1907;1060;1303;-2;2;86
1;92;3500;1907;510;1303;-2;3;91
1;93;3500;1907;510;1204;24;4;92
1;94;3500;3111;510;99;-1;4;92
1;95;4010;1907;550;1303;-2;3;91
1;96;4010;1907;550;1240;25;4;95
1;97;4010;3147;550;63;-1;4;95
1;98;4560;0;1440;3210;-2;1;61
1;99;4560;0;1440;1050;-2;2;98
1;100;4560;0;1340;1050;96;3;99
1;101;5900;0;100;1050;-1;3;99
1;102;4560;1050;1440;553;-2;2;98
1;103;4560;1050;1309;553;0;3;102
1;104;5869;1050;131;553;-1;3;102
1;105;4560;1603;1440;366;-2;2;98
1;106;4560;1603;1405;366;1;3;105
1;107;5965;1603;35;366;-1;3;105
1;108;4560;1969;1440;366;-2;2;98
1;109;4560;1969;1405;366;2;3;108
1;110;5965;1969;35;366;-1;3;108
1;111;4560;2335;1440;875;-2;2;98
1;112;4560;2335;678;875;-2;3;111
1;113;4560;2335;678;848;53;4;112
1;114;4560;3183;678;27;-1;4;112
1;115;5238;2335;421;875;-2;3;111
1;116;5238;2335;421;823;41;4;115
1;117;5238;3158;421;52;-1;4;115
1;118;5659;2335;318;875;-2;3;111
1;119;5659;2335;318;774;115;4;118
1;120;5659;3109;318;101;-1;4;118
1;121;5977;2335;23;875;-1;3;111
2;122;0;0;6000;3210;-2;0;
2;123;0;0;972;3210;-2;1;122
2;124;0;0;972;1675;26;2;123
2;125;0;1675;972;769;-2;2;123
2;126;0;1675;938;769;75;3;125
2;127;938;1675;34;769;-1;3;125
2;128;0;2444;972;401;-2;2;123
2;129;0;2444;938;401;76;3;128
2;130;938;2444;34;401;-1;3;128
2;131;0;2845;972;365;-2;2;123
2;132;0;2845;774;365;-2;3;131
2;133;0;2845;774;318;116;4;132
2;134;0;3163;774;47;-1;4;132
2;135;774;2845;198;365;-1;3;131
2;136;972;0;2245;3210;-2;1;122
2;137;972;0;2245;1997;-2;2;136
2;138;972;0;863;1997;27;3;137
2;139;1835;0;740;1997;-2;3;137
2;140;1835;0;740;1945;54;4;139
2;141;1835;1945;740;52;-1;4;139
2;142;2575;0;642;1997;-2;3;137
2;143;2575;0;642;1911;3;4;142
2;144;2575;1911;642;86;-1;4;142
2;145;972;1997;2245;1213;-2;2;136
2;146;972;1997;554;1213;-2;3;145
2;147;972;1997;554;1193;55;4;146
2;148;972;3190;554;20;-1;4;146
2;149;1526;1997;554;1213;-2;3;145
2;150;1526;1997;554;1193;56;4;149
2;151;1526;3190;554;20;-1;4;149
2;152;2080;1997;554;1213;-2;3;145
2;153;2080;1997;554;1193;57;4;152
2;154;2080;3190;554;20;-1;4;152
2;155;2634;1997;554;1213;-2;3;145
2;156;2634;1997;554;1193;58;4;155
2;157;2634;3190;554;20;-1;4;155
2;158;3188;1997;29;1213;-1;3;145
2;159;3217;0;642;3210;-2;1;122
2;160;3217;0;642;1911;4;2;159
2;161;3217;1911;642;1299;-2;2;159
2;162;3217;1911;554;1299;-2;3;161
2;163;3217;1911;554;1193;59;4;162
2;164;3217;3104;554;106;-1;4;162
2;165;3771;1911;88;1299;-1;3;161
2;166;3859;0;2063;3210;-2;1;122
2;167;3859;0;2063;729;-2;2;166
2;168;3859;0;2043;729;5;3;167
2;169;5902;0;20;729;-1;3;167
2;170;3859;729;2063;729;-2;2;166
2;171;3859;729;2043;729;6;3;170
2;172;5902;729;20;729;-1;3;170
2;173;3859;1458;2063;1752;-2;2;166
2;174;3859;1458;1085;1752;-2;3;173
2;175;3859;1458;1085;1698;7;4;174
2;176;3859;3156;1085;54;-1;4;174
2;177;4944;1458;978;1752;-2;3;173
2;178;4944;1458;978;1687;28;4;177
2;179;4944;3145;978;65;-1;4;177
2;180;5922;0;78;3210;-1;1;122
3;181;0;0;6000;3210;-2;0;
3;182;0;0;934;3210;-2;1;181
3;183;0;0;934;1790;127;2;182
3;184;0;1790;934;508;-2;2;182
3;185;0;1790;849;508;42;3;184
3;186;849;1790;85;508;-1;3;184
3;187;0;2298;934;912;-2;2;182
3;188;0;2298;833;912;-2;3;187
3;189;0;2298;833;718;77;4;188
3;190;0;3016;833;194;-1;4;188
3;191;833;2298;101;912;-1;3;187
3;192;934;0;2122;3210;-2;1;181
3;193;934;0;2122;1254;8;2;192
3;194;934;1254;2122;497;-2;2;192
3;195;934;1254;2090;497;78;3;194
3;196;3024;1254;32;497;-1;3;194
3;197;934;1751;2122;854;-2;2;192
3;198;934;1751;2060;854;79;3;197
3;199;2994;1751;62;854;-1;3;197
3;200;934;2605;2122;605;-2;2;192
3;201;934;2605;1193;605;-2;3;200
3;202;934;2605;1193;51;-2;4;201
3;203;934;2656;1193;554;60;4;201
3;204;2127;2605;898;605;-2;3;200
3;205;2127;2605;898;554;61;4;204
3;206;2127;3159;898;51;-1;4;204
3;207;3025;2605;31;605;-1;3;200
3;208;3056;0;2014;3210;-2;1;181
3;209;3056;0;2014;1437;-2;2;208
3;210;3056;0;1928;1437;97;3;209
3;211;4984;0;86;1437;-1;3;209
3;212;3056;1437;2014;1773;-2;2;208
3;213;3056;1437;553;1773;-2;3;212
3;214;3056;1437;553;1637;98;4;213
3;215;3056;3074;553;136;-1;4;213
3;216;3609;1437;978;1773;-2;3;212
3;217;3609;1437;978;1687;29;4;216
3;218;3609;3124;978;86;-1;4;216
3;219;4587;1437;483;1773;-2;3;212
3;220;4587;1437;483;1180;80;4;219
3;221;4587;2617;483;593;-1;4;219
3;222;5070;0;898;3210;-2;1;181
3;223;5070;0;898;648;-2;2;222
3;224;5070;0;31;648;-1;3;223
3;225;5101;0;823;648;9;3;223
3;226;5924;0;44;648;-1;3;223
3;227;5070;648;898;554;62;2;222
3;228;5070;1202;898;20;-1;2;222
3;229;5070;1222;898;556;63;2;222
3;230;5070;1778;898;556;64;2;222
3;231;5070;2334;898;556;65;2;222
3;232;5070;2890;898;320;-1;2;222
3;233;5968;0;32;3210;-1;1;181
4;234;0;0;6000;3210;-2;0;
4;235;0;0;1555;3210;-2;1;234
4;236;0;0;1555;2095;10;2;235
4;237;0;2095;1555;633;-2;2;235
4;238;0;2095;1471;633;81;3;237
4;239;1471;2095;84;633;-1;3;237
4;240;0;2728;1555;482;-2;2;235
4;241;0;2728;1483;482;-2;3;240
4;242;0;2728;1483;451;66;4;241
4;243;0;3179;1483;31;-1;4;241
4;244;1483;2728;72;482;-1;3;240
4;245;1555;0;2356;3210;-2;1;234
4;246;1555;0;2356;471;-2;2;245
4;247;1555;0;1483;471;-2;3;246
4;248;1555;0;1483;451;67;4;247
4;249;1555;451;1483;20;-1;4;247
4;250;3038;0;873;471;-1;3;246
4;251;1555;471;2356;636;-2;2;245
4;252;1555;471;1160;636;117;3;251
4;253;2715;471;1160;636;118;3;251
4;254;3875;471;36;636;-1;3;251
4;255;1555;1107;2356;1074;-2;2;245
4;256;1555;1107;2336;1074;43;3;255
4;257;3891;1107;20;1074;-1;3;255
4;258;1555;2181;2356;1029;-2;2;245
4;259;1555;2181;1675;1029;-2;3;258
4;260;1555;2181;1675;978;30;4;259
4;261;1555;3159;1675;51;-1;4;259
4;262;3230;2181;618;1029;-2;3;258
4;263;3230;2181;618;928;44;4;262
4;264;3230;3109;618;101;-1;4;262
4;265;3848;2181;63;1029;-1;3;258
4;266;3911;0;2012;3210;-2;1;234
4;267;3911;0;2012;1037;-2;2;266
4;268;3911;0;1983;1037;99;3;267
4;269;5894;0;29;1037;-1;3;267
4;270;3911;1037;2012;1266;-2;2;266
4;271;3911;1037;1968;1266;11;3;270
4;272;5879;1037;44;1266;-1;3;270
4;273;3911;2303;2012;907;-2;2;266
4;274;3911;2303;976;907;-2;3;273
4;275;3911;2303;976;871;45;4;274
4;276;3911;3174;976;36;-1;4;274
4;277;4887;2303;1036;907;-2;3;273
4;278;4887;2303;1036;860;82;4;277
4;279;4887;3163;1036;47;-1;4;277
4;280;5923;0;77;3210;-1;1;234
5;281;0;0;6000;3210;-2;0;
5;282;0;0;1956;3210;-2;1;281
5;283;0;0;1956;1675;-2;2;282
5;284;0;0;978;1675;31;3;283
5;285;978;0;978;1675;32;3;283
5;286;0;1675;1956;1535;-2;2;282
5;287;0;1675;748;1535;-2;3;286
5;288;0;1675;748;1373;100;4;287
5;289;0;3048;748;162;-1;4;287
5;290;748;1675;372;1535;-2;3;286
5;291;748;1675;372;1323;12;4;290
5;292;748;2998;372;212;-1;4;290
5;293;1120;1675;788;1535;-2;3;286
5;294;1120;1675;788;1358;68;4;293
5;295;1120;3033;788;177;-1;4;293
5;296;1908;1675;48;1535;-1;3;286
5;297;1956;0;1901;3210;-2;1;281
5;298;1956;0;1901;990;-2;2;297
5;299;1956;0;1823;990;13;3;298
5;300;3779;0;78;990;-1;3;298
5;301;1956;990;1901;833;33;2;297
5;302;1956;1823;1901;731;-2;2;297
5;303;1956;1823;1811;731;14;3;302
5;304;3767;1823;90;731;-1;3;302
5;305;1956;2554;1901;656;-2;2;297
5;306;1956;2554;1754;656;-2;3;305
5;307;1956;2554;1754;607;46;4;306
5;308;1956;3161;1754;49;-1;4;306
5;309;3710;2554;147;656;-1;3;305
5;310;3857;0;2118;3210;-2;1;281
5;311;3857;0;2118;2124;-2;2;310
5;312;3857;0;756;2124;-2;3;311
5;313;3857;0;756;2093;101;4;312
5;314;3857;2093;756;31;-1;4;312
5;315;4613;0;530;2124;-2;3;311
5;316;4613;0;530;196;-1;4;315
5;317;4613;196;530;1928;102;4;315
5;318;5143;0;799;2124;-2;3;311
5;319;5143;0;799;2013;83;4;318
5;320;5143;2013;799;111;-1;4;318
5;321;5942;0;33;2124;-1;3;311
5;322;3857;2124;2118;1086;-2;2;310
5;323;3857;2124;1059;1086;-2;3;322
5;324;3857;2124;1059;1040;15;4;323
5;325;3857;3164;1059;46;-1;4;323
5;326;4916;2124;1059;1086;-2;3;322
5;327;4916;2124;1059;1040;16;4;326
5;328;4916;3164;1059;46;-1;4;326
5;329;5975;0;25;3210;-1;1;281
6;330;0;0;6000;3210;-2;0;
6;331;0;0;1754;3210;-2;1;330
6;332;0;0;1754;356;-2;2;331
6;333;0;0;1635;356;-2;3;332
6;334;0;0;1635;315;103;4;333
6;335;0;315;1635;41;-1;4;333
6;336;1635;0;119;356;-1;3;332
6;337;0;356;1754;587;47;2;331
6;338;0;943;1754;607;48;2;331
6;339;0;1550;1754;607;49;2;331
6;340;0;2157;1754;587;50;2;331
6;341;0;2744;1754;466;-2;2;331
6;342;0;2744;1635;466;-2;3;341
6;343;0;2744;1635;315;104;4;342
6;344;0;3059;1635;151;-1;4;342
6;345;1635;2744;119;466;-1;3;341
6;346;1754;0;1630;3210;-2;1;330
6;347;1754;0;1630;678;105;2;346
6;348;1754;678;1630;931;-2;2;346
6;349;1754;678;63;931;-1;3;348
6;350;1817;678;1479;931;34;3;348
6;351;3296;678;88;931;-1;3;348
6;352;1754;1609;1630;678;106;2;346
6;353;1754;2287;1630;923;-2;2;346
6;354;1754;2287;1040;923;-2;3;353
6;355;1754;2287;1040;767;17;4;354
6;356;1754;3054;1040;156;-1;4;354
6;357;2794;2287;561;923;-2;3;353
6;358;2794;2287;561;886;84;4;357
6;359;2794;3173;561;37;-1;4;357
6;360;3355;2287;29;923;-1;3;353
6;361;3384;0;1605;3210;-2;1;330
6;362;3384;0;1605;2354;-2;2;361
6;363;3384;0;1544;2354;35;3;362
6;364;4928;0;61;2354;-1;3;362
6;365;3384;2354;1605;856;-2;2;361
6;366;3384;2354;63;856;-1;3;365
6;367;3447;2354;771;856;-2;3;365
6;368;3447;2354;771;788;18;4;367
6;369;3447;3142;771;68;-1;4;367
6;370;4218;2354;771;856;-2;3;365
6;371;4218;2354;771;788;19;4;370
6;372;4218;3142;771;68;-1;4;370
6;373;4989;0;975;3210;-2;1;330
6;374;4989;0;975;1049;85;2;373
6;375;4989;1049;975;316;-2;2;373
6;376;4989;1049;941;316;36;3;375
6;377;5930;1049;34;316;-1;3;375
6;378;4989;1365;975;1845;-2;2;373
6;379;4989;1365;934;1845;-2;3;378
6;380;4989;1365;934;1790;128;4;379
6;381;4989;3155;934;55;-1;4;379
6;382;5923;1365;41;1845;-1;3;378
6;383;5964;0;36;3210;-1;1;330
7;384;0;0;6000;3210;-2;0;
7;385;0;0;683;3210;-2;1;384
7;386;0;0;683;1075;86;2;385
7;387;0;1075;683;841;-2;2;385
7;388;0;1075;466;841;37;3;387
7;389;466;1075;217;841;-1;3;387
7;390;0;1916;683;1075;87;2;385
7;391;0;2991;683;219;-1;2;385
7;392;683;0;834;3210;-2;1;384
7;393;683;0;834;2021;51;2;392
7;394;683;2021;834;1189;-2;2;392
7;395;683;2021;303;1189;-2;3;394
7;396;683;2021;303;988;69;4;395
7;397;683;3009;303;201;-1;4;395
7;398;986;2021;491;1189;-2;3;394
7;399;986;2021;491;1061;70;4;398
7;400;986;3082;491;128;-1;4;398
7;401;1477;2021;40;1189;-1;3;394
7;402;1517;0;1964;3210;-2;1;384
7;403;1517;0;1964;852;-2;2;402
7;404;1517;0;1912;852;88;3;403
7;405;3429;0;52;852;-1;3;403
7;406;1517;852;1964;697;-2;2;402
7;407;1517;852;1936;697;89;3;406
7;408;3453;852;28;697;-1;3;406
7;409;1517;1549;1964;610;90;2;402
7;410;1517;2159;1964;1051;-2;2;402
7;411;1517;2159;748;1051;-2;3;410
7;412;1517;2159;748;968;107;4;411
7;413;1517;3127;748;83;-1;4;411
7;414;2265;2159;880;1051;-2;3;410
7;415;2265;2159;880;890;108;4;414
7;416;2265;3049;880;161;-1;4;414
7;417;3145;2159;336;1051;-2;3;410
7;418;3145;2159;336;870;38;4;417
7;419;3145;3029;336;181;-1;4;417
7;420;3481;0;601;3210;-2;1;384
7;421;3481;0;601;1401;91;2;420
7;422;3481;1401;601;872;-2;2;420
7;423;3481;1401;547;872;71;3;422
7;424;4028;1401;54;872;-1;3;422
7;425;3481;2273;601;937;-2;2;420
7;426;3481;2273;336;937;-2;3;425
7;427;3481;2273;336;870;39;4;426
7;428;3481;3143;336;67;-1;4;426
7;429;3817;2273;265;937;-1;3;425
7;430;4082;0;1918;3210;-3;1;384
